500 12000 5058.57
997.188 1.11427 999.041 93.2463 388.523 397.371 846.465 685.534 444.009 28.3602 914.048 559.131 939.189 800.944 802.955 692.63 865.155 85.9592 273.777 878.264 593.472 957.932 198.353 316.2 783.531 19.27 624.406 748.417 446.688 104.123 469.769 294.321 120.371 20.3476 916.944 266.281 584.805 574.543 956.579 700.059 533.915 694.706 541.06 536.361 140.826 944.65 883.242 138.337 892.244 398.279 652.647 348.418 638.199 883.423 648.102 349.549 357.175 428.663 12.6575 622.074 787.165 450.462 941.895 237.79 771.823 3.86745 153.777 527.531 709.333 908.627 467.925 929.508 551.774 173.168 743.022 697.121 231.132 754.122 50.2549 125.147 396.917 29.2782 103.033 539.292 967.7 125.049 92.4649 969.626 368.475 800.832 717.674 388.473 752.121 556.684 362.543 122.222 916.493 226.484 36.9634 13.5434 295.065 568.532 74.895 744.082 938.773 970.05 741.215 494.276 981.775 157.635 651.469 486.859 762.811 318.045 110.227 380.761 216.435 669.564 133.135 370.714 75.1842 753.003 357.107 804.95 931.082 525.146 623.669 66.8951 523.214 907.908 687.371 235.128 756.579 950.226 204.307 641.925 295.217 604.706 452.55 918.815 609.598 174.782 79.4414 506.157 460.086 827.288 472.611 332.732 885.804 345.392 355.23 878.953 24.8602 460.42 346.942 286.433 950.093 16.5177 219.175 807.553 236.033 578.279 192.069 612.419 16.8571 679.39 577.327 976.782 255.448 605.111 210.283 628.448 700.184 750.272 37.4332 698.359 5.65865 671.118 360.456 411.401 532.136 622.297 168.663 678.123 274.626 344.003 32.9243 903.938 518.076 253.114 541.179 802.359 84.4628 519.493 20.2994 466.244 636.654 378.546 238.973 182.431 865.225 688.725 188.191 467.413 475.678 592.919 140.141 909.726 219.464 193.77 333.951 208.986 673.474 416.433 605.498 102.865 790.583 153.519 680.76 654.483 988.077 222.827 899.165 23.3081 393.547 844.865 2.01227 949.856 625.486 99.6447 723.641 610.631 704.631 770.468 304.575 257.812 672.662 796.792 615.65 990.481 968.045 901.407 411.943 636.968 992.834 526.9 458.693 27.1923 577.702 31.3693 726.412 692.985 488.087 442.462 270.611 204.702 226.165 750.422 201.274 509.008 725.255 298.034 204.471 843.997 503.494 511.63 220.305 804.157 564.645 465.536 83.7726 267.805 457.521 109.91 46.7657 697.104 735.996 846.006 817.951 626.87 735.618 19.3143 584.376 114.229 958.741 395.456 836.344 450.637 671.261 803.36 779.721 38.024 38.3905 618.895 609.204 4.01494 776.438 796.171 715.992 158.572 837.966 905.904 861.328 732.069 999.769 250.601 490.21 812.798 847.942 819.27 282.301 267.372 502.135 910.862 921.097 512.78 842.644 717.162 650.404 522.529 887.034 558.958 267.82 628.681 334.106 577.179 819.785 916.489 162.776 371.922 886.613 844.486 641.264 88.3947 357.054 175.591 102.906 816.535 439.965 241.115 478.972 57.9074 52.5896 497.753 178.875 571.145 108.556 594.778 304.907 596.012 711.384 66.3063 879.776 975.375 955.255 767.707 166.862 669.064 329.224 353.653 210.123 469.16 613.941 11.8778 313.702 984.399 463.457 524.372 254.021 125.698 19.0529 674.175 356.153 23.8922 932.325 13.5912 698.239 449.798 135.472 6.2346 336.176 830.569 458.643 578.921 423.343 672.058 248.279 195.842 250.62 774.025 524.752 354.181 843.763 309.333 58.3898 222.175 541.751 143.376 734.209 111.809 660.403 81.449 686.068 917.416 518.176 305.213 485.259 923.533 29.2412 127.084 773.062 203.4 533.145 147.605 344.721 644.252 903.328 601.353 960.267 597.53 45.8829 945.363 925.501 57.0849 749.373 395.702 200.765 904.726 721.25 494.622 202.265 77.1126 568.986 357.705 893.423 107.477 788.548 572.833 920.027 190.416 584.516 150.782 449.866 759.437 815.979 862.105 928.13 559.345 649.485 717.212 977.74 4.78988 262.037 729.122 527.287 780.749 423.95 750.874 598 697.611 705.179 896.52 527.448 221.064 910.074 543.623 202.106 290.854 950.005 457.903 70.6332 426.922 351.104 222.261 905.005 627.229 550.989 784.673 104.196 132.709 132.083 605.874 987.115 498.558 482.765 573.699 918.121 195.271 735.728 701.025 947.268 624.712 180.936 989.351 63.4466 946.206 11.6173 861.35 587.877 802.887 
4 1 1 2 2 5 3 3 5 3 3 3 1 4 2 3 5 5 1 4 3 3 4 1 5 1 5 2 4 1 5 5 1 1 2 2 1 4 3 2 3 3 1 1 3 1 5 3 5 3 5 3 4 4 4 4 5 5 4 1 5 2 3 4 3 4 2 1 2 4 1 5 5 3 5 3 4 2 4 1 1 3 5 2 5 2 3 3 1 2 5 3 4 3 1 5 1 4 3 1 5 2 2 1 3 1 2 2 5 4 1 5 3 3 3 3 4 3 1 2 2 1 2 1 4 5 2 4 4 1 1 4 5 5 5 5 3 1 5 2 5 2 1 1 5 2 1 3 5 2 3 2 5 3 4 1 3 5 3 5 5 3 4 1 3 2 1 4 5 1 3 2 3 1 4 5 2 3 2 1 2 3 5 4 3 2 5 4 2 2 3 1 4 3 3 5 1 4 5 2 5 4 1 5 2 5 5 3 1 3 4 3 5 1 2 5 3 2 3 3 4 1 4 2 5 2 5 2 5 1 4 3 1 5 2 2 2 3 4 3 1 3 5 2 3 5 2 3 4 2 5 3 1 3 5 2 2 5 1 3 4 3 3 1 4 5 5 2 4 2 2 4 3 5 5 3 2 2 5 1 1 4 3 2 4 2 3 3 3 5 5 4 1 4 3 2 5 3 1 4 4 3 4 2 3 4 1 5 2 3 5 4 2 1 3 2 1 3 1 2 5 3 3 3 1 2 3 3 2 1 5 2 2 3 2 5 3 1 4 5 2 2 4 4 1 5 5 1 5 4 1 1 2 4 5 1 4 1 1 4 4 3 1 1 2 1 2 1 3 1 3 5 1 5 5 5 4 3 4 1 5 4 4 2 3 3 5 2 2 2 5 1 4 5 4 1 1 3 1 5 4 1 2 4 3 3 3 1 3 2 1 5 3 2 1 3 2 5 4 5 4 1 4 4 1 1 1 5 3 3 2 5 2 5 4 4 1 4 4 3 4 2 2 5 1 5 5 4 4 4 2 1 5 5 4 4 4 4 3 1 4 4 1 2 5 1 1 4 2 3 5 3 4 2 2 4 3 3 4 1 5 5 3 2 1 5 3 1 2 3 5 4 1 3 2 5 5 3 2 4 
247 492
256 291
151 468
17 64
238 306
319 420
203 352
255 262
426 474
51 322
14 199
282 389
57 275
166 191
385 499
111 343
307 424
242 305
190 355
180 283
40 299
2 374
42 267
71 133
201 360
65 77
197 378
247 444
318 323
153 219
8 242
20 339
315 470
273 319
176 208
80 382
97 319
253 382
376 499
152 180
331 490
340 486
430 450
101 297
253 298
197 427
13 386
309 475
101 317
124 473
93 432
374 395
108 460
53 205
53 360
5 339
187 238
108 223
224 323
177 205
65 422
71 377
85 322
68 382
4 493
11 336
208 463
318 334
162 226
69 220
77 312
69 487
381 464
197 349
125 447
78 182
140 144
44 87
183 252
132 360
203 290
274 469
284 366
316 328
397 449
155 159
32 346
215 477
250 425
384 394
183 242
312 424
44 363
123 162
371 498
348 479
68 247
151 190
75 169
327 365
224 411
47 431
144 291
291 474
423 429
136 287
221 421
63 203
219 431
72 449
116 387
186 293
31 255
11 137
174 373
90 280
4 487
107 399
170 391
14 18
101 402
179 338
99 197
173 324
107 404
94 341
74 424
196 236
326 392
172 188
114 307
184 493
432 483
17 400
69 491
72 176
50 109
30 123
89 308
221 335
182 273
359 418
282 401
12 26
371 496
187 377
89 392
102 369
39 274
112 147
0 439
209 211
235 291
159 467
10 121
141 469
335 484
187 262
99 112
76 476
233 281
35 446
0 498
283 338
331 465
29 378
45 453
287 316
75 359
8 330
241 264
109 220
59 356
87 388
131 207
29 185
50 326
151 176
187 193
76 268
51 405
361 474
89 366
30 386
440 441
140 240
413 426
12 162
71 422
293 307
286 479
115 326
2 153
309 342
48 358
231 470
270 447
114 237
14 347
217 342
159 436
422 491
340 491
227 378
9 447
80 244
20 491
89 342
131 277
360 382
221 234
73 251
48 276
117 298
91 219
157 228
44 394
63 350
341 385
56 372
99 456
72 148
436 485
217 369
87 367
242 439
275 438
55 285
20 245
11 16
27 96
271 440
70 445
473 477
172 432
169 434
131 172
163 380
247 482
255 400
270 293
311 455
292 399
166 433
305 311
13 168
338 363
256 388
33 297
42 434
226 402
96 237
79 108
129 277
258 360
95 245
76 142
118 182
287 437
270 282
94 285
264 444
182 322
122 393
106 432
42 76
19 491
12 484
207 415
232 281
70 337
297 381
147 331
124 277
156 265
383 416
24 441
234 437
122 425
176 224
134 197
10 344
112 403
363 435
216 302
86 250
270 406
444 448
76 88
5 350
243 480
242 353
2 472
105 389
111 143
39 351
282 445
38 467
351 490
249 491
327 406
303 322
311 349
134 486
239 488
67 169
52 475
220 495
29 269
458 495
265 353
360 483
39 62
226 271
92 152
11 224
190 238
375 464
21 294
408 411
13 448
64 110
230 454
139 332
261 332
21 222
59 214
100 236
28 149
218 487
405 422
139 398
250 314
180 440
0 124
153 331
416 444
108 467
382 485
352 450
324 331
307 414
32 328
56 187
127 242
404 462
220 286
30 418
61 350
126 334
64 81
28 101
66 151
228 456
243 383
83 272
285 361
29 358
130 185
139 257
57 233
106 433
42 417
137 368
146 301
122 307
274 488
105 373
263 275
116 453
30 73
209 289
257 453
211 457
412 495
313 346
100 335
115 301
4 214
275 416
113 478
376 462
163 398
231 261
33 310
246 411
45 279
330 357
218 466
49 324
302 448
35 191
36 473
212 390
288 291
297 320
199 237
248 483
128 398
111 390
379 475
25 26
198 229
113 438
175 327
194 419
103 286
119 198
165 424
40 179
254 335
345 485
15 481
194 367
134 178
202 481
45 67
164 235
138 429
343 445
55 230
121 239
41 416
17 452
218 497
19 321
104 491
7 464
296 313
225 309
185 489
261 289
41 423
231 266
22 53
280 340
120 232
206 410
85 229
60 387
190 409
345 364
50 83
119 391
20 300
25 82
30 43
70 161
325 490
3 368
39 54
37 93
46 389
145 402
74 333
428 429
2 407
387 410
200 227
261 304
98 210
1 217
271 354
202 224
24 294
34 38
101 167
260 379
23 116
17 442
46 443
314 370
362 393
150 261
453 461
1 181
118 278
396 480
157 210
335 451
50 213
84 297
459 472
316 329
77 195
69 160
171 295
192 284
6 205
86 204
65 494
295 441
135 210
120 158
58 126
118 189
323 471
154 413
259 358
112 427
331 378
133 237
255 326
11 64
306 339
291 477
5 307
26 492
269 486
63 79
217 435
224 284
218 238
180 463
386 430
109 413
305 337
421 426
262 436
38 413
208 335
363 499
66 371
122 215
159 385
349 395
326 435
30 285
311 415
8 26
177 219
173 311
70 168
378 479
65 495
42 51
141 271
252 430
11 265
187 220
337 403
490 491
288 395
30 479
309 341
313 358
312 330
201 368
95 441
28 255
134 382
318 345
78 109
17 456
106 186
352 458
338 346
338 462
312 476
130 311
105 431
315 351
299 346
149 381
33 372
218 386
346 422
4 424
476 485
216 275
78 231
27 431
20 111
307 337
253 356
157 441
152 196
89 276
302 447
103 299
136 322
73 332
225 285
10 311
245 316
375 419
188 356
183 285
194 270
110 228
225 414
40 176
307 400
193 293
29 302
303 463
122 180
279 486
11 76
68 174
29 123
65 424
180 464
64 246
277 493
92 123
177 201
263 346
376 498
25 28
211 439
266 316
369 465
178 400
382 429
41 360
324 385
91 147
117 341
164 322
41 176
153 446
238 352
378 434
258 467
404 496
86 416
147 482
32 196
256 452
72 312
226 453
29 212
16 125
48 413
121 281
33 314
39 291
165 250
182 288
52 121
103 324
331 492
141 251
66 127
46 83
155 337
37 282
236 277
29 122
196 244
196 318
275 479
353 372
234 263
336 366
203 432
7 346
184 434
97 136
71 163
89 140
61 276
26 143
321 391
258 394
263 276
207 266
50 89
218 499
404 465
333 435
264 306
201 375
75 91
178 203
8 225
153 211
5 285
136 298
378 414
273 462
5 232
147 199
12 449
340 417
139 223
27 419
74 179
164 315
26 66
382 486
199 419
339 391
40 416
148 300
285 445
161 492
148 268
78 244
156 432
185 232
228 399
88 268
120 123
227 484
197 270
106 403
127 417
69 112
71 445
357 414
88 327
8 182
316 408
238 309
279 291
226 297
74 354
1 113
152 185
271 485
274 401
433 465
141 266
234 368
124 391
344 463
406 447
155 378
42 56
10 42
81 108
420 473
157 408
358 463
9 88
144 238
10 313
224 370
76 355
229 372
302 476
217 418
69 217
138 139
111 473
177 458
279 398
369 479
400 405
150 323
136 488
4 92
180 487
41 86
427 442
164 225
387 389
145 440
313 332
77 414
43 76
93 378
16 67
249 391
226 378
114 484
358 476
447 485
184 447
70 383
249 376
134 480
133 358
234 464
352 429
67 385
165 464
386 431
11 146
65 238
186 309
320 489
80 313
371 485
140 492
198 431
445 477
86 331
364 487
54 342
241 446
9 179
12 275
8 122
109 278
66 317
29 83
133 269
271 360
203 231
356 399
320 484
452 477
34 437
70 357
114 341
244 375
48 342
226 279
17 342
187 441
438 496
116 451
94 106
343 442
113 429
358 486
369 393
45 194
350 434
43 490
200 371
134 439
258 446
212 404
92 380
251 269
217 402
146 147
16 274
230 384
184 456
187 373
28 272
269 353
196 250
64 357
70 466
54 209
109 281
39 186
150 499
191 268
90 487
37 108
202 493
238 349
134 217
106 332
246 403
113 307
310 434
170 298
395 441
143 437
169 179
136 288
60 326
198 362
201 244
125 328
243 449
97 128
244 479
99 276
268 441
0 157
374 430
377 434
133 374
205 497
265 301
193 446
202 438
51 461
366 372
358 413
60 229
1 60
14 243
232 473
120 397
46 418
232 408
234 487
232 363
309 491
24 334
194 375
42 228
285 403
47 473
161 490
222 379
26 95
232 245
390 484
303 403
200 320
268 339
112 194
367 427
148 472
123 318
224 475
114 467
12 117
64 279
142 274
143 433
196 313
431 468
121 473
358 450
119 399
37 287
36 415
112 168
262 355
126 313
124 235
112 472
150 387
10 399
108 351
164 399
117 452
37 301
176 486
178 498
275 445
225 277
71 350
30 110
56 307
146 410
107 472
48 206
124 289
238 287
1 258
174 284
225 390
161 499
141 399
292 404
291 449
279 437
206 428
125 172
200 207
98 138
53 209
105 119
295 486
15 212
351 410
297 340
229 275
402 466
126 347
279 488
245 352
243 422
101 161
27 270
130 266
102 192
14 282
221 302
402 461
125 331
223 302
67 90
45 88
140 281
86 401
180 208
67 346
115 234
86 201
285 425
290 469
362 475
449 495
94 396
121 257
72 385
32 377
380 452
341 462
209 420
134 264
132 142
366 374
271 469
393 424
207 364
227 260
95 210
335 446
167 427
76 285
109 301
182 464
138 343
48 310
192 264
28 54
366 377
138 359
0 410
129 132
30 187
242 389
303 409
60 328
207 246
382 389
166 268
152 432
108 242
99 113
64 209
334 362
144 411
180 350
69 389
114 350
64 385
55 196
41 49
363 441
42 186
179 424
133 460
89 336
47 455
337 393
81 327
50 201
74 265
56 320
153 283
9 315
248 364
58 72
39 195
129 147
237 338
60 194
18 245
184 479
210 251
293 467
145 172
89 391
373 383
37 198
79 494
59 85
80 446
290 452
281 440
292 302
52 144
251 275
213 228
128 474
354 450
64 67
143 307
177 292
367 375
23 41
278 452
325 356
127 168
281 492
16 90
285 366
244 280
253 265
149 412
116 411
92 245
157 224
270 463
320 321
160 347
187 384
199 369
63 373
182 475
38 300
310 317
77 245
400 492
62 252
239 242
305 331
112 339
108 285
339 451
272 422
211 465
303 447
147 230
336 351
234 347
225 378
360 498
0 177
86 356
138 163
146 298
43 408
195 375
43 101
107 285
398 412
69 311
81 367
152 270
152 484
239 317
233 457
286 352
179 253
98 297
360 443
16 272
48 106
4 434
63 273
99 281
225 365
77 207
10 172
220 464
15 17
63 343
187 339
352 422
25 45
23 447
339 370
227 370
334 433
358 468
114 304
166 279
244 484
304 480
327 347
254 392
93 149
165 236
187 349
226 383
335 498
174 393
455 467
335 458
249 365
37 339
243 448
341 466
31 316
150 315
18 132
393 495
200 302
356 431
122 416
361 403
236 355
339 484
265 291
291 480
214 363
248 276
25 390
37 376
238 465
137 412
250 341
176 276
130 291
314 339
28 236
111 406
23 151
340 397
357 419
0 128
384 473
165 171
39 90
197 432
117 447
252 477
80 136
241 245
148 346
456 497
305 398
376 402
65 188
65 69
272 385
81 302
263 458
90 380
317 472
165 415
316 382
222 290
264 269
104 225
34 289
48 167
171 461
168 372
260 449
143 164
139 435
111 417
206 363
91 482
251 385
125 405
294 372
169 244
330 465
57 199
34 137
140 273
203 230
68 127
166 386
126 485
202 301
169 352
96 490
30 288
218 437
85 265
230 370
436 489
142 392
156 170
86 458
222 264
196 219
144 179
212 273
10 44
239 491
232 454
132 383
85 90
46 99
262 329
29 141
249 267
206 270
44 265
80 212
407 454
124 378
215 491
388 444
34 487
10 150
213 241
277 308
342 399
82 499
17 465
24 127
169 215
106 485
191 214
94 175
285 494
77 451
159 465
8 86
256 451
123 333
11 35
236 291
80 337
309 428
17 143
231 456
412 467
131 365
91 422
87 424
42 316
243 413
84 228
461 474
122 271
26 102
258 409
331 425
36 464
76 312
345 415
435 499
108 307
187 444
309 368
181 215
439 498
151 152
157 472
146 460
434 445
83 468
89 451
131 358
184 426
31 295
48 66
68 234
295 489
16 32
239 294
373 411
173 362
5 408
114 196
87 150
91 144
89 218
416 453
132 449
185 483
72 468
2 3
475 478
130 465
115 235
203 344
173 295
166 256
73 294
62 488
170 347
56 300
114 374
277 472
213 449
150 352
138 346
8 419
6 473
139 476
30 260
334 496
68 352
233 243
164 357
193 297
24 164
256 399
3 103
334 344
239 252
65 158
95 221
107 183
55 106
354 499
246 270
128 466
25 255
199 282
86 277
138 396
34 143
75 202
84 465
282 470
270 333
406 479
366 368
234 498
143 320
41 420
195 473
67 128
3 20
13 416
445 455
45 439
242 490
22 346
96 183
217 400
366 419
240 339
97 341
56 433
169 401
98 144
214 439
187 382
325 491
119 303
36 438
61 315
303 481
125 252
390 489
58 71
62 332
57 254
180 419
401 434
188 487
23 485
92 394
156 476
265 470
268 362
331 338
71 311
400 476
43 327
112 433
37 94
14 473
242 467
84 122
64 355
307 471
225 248
6 495
107 409
101 397
187 321
117 262
112 367
90 231
5 438
53 273
287 352
290 488
271 413
287 424
406 464
57 267
115 332
46 126
250 353
58 209
52 315
234 308
151 175
210 488
81 466
433 472
308 407
262 494
242 414
89 288
355 409
155 368
34 70
47 135
138 472
437 495
141 150
50 146
87 210
202 225
234 310
213 443
21 249
367 474
163 224
72 448
111 170
75 355
93 387
335 364
87 201
183 411
97 326
209 482
399 476
169 279
55 66
87 90
309 316
434 486
166 249
118 416
124 177
402 469
141 182
196 462
274 341
288 414
322 482
315 479
18 200
210 327
270 386
217 274
71 231
306 309
18 424
180 355
85 484
233 383
25 454
121 413
300 345
53 141
96 338
153 411
118 295
226 255
8 331
320 471
226 319
169 455
229 416
197 338
92 227
60 237
35 99
201 301
7 262
219 224
170 346
31 177
292 357
88 168
32 132
166 230
356 377
224 283
87 275
178 269
13 498
80 392
170 295
271 398
19 31
105 360
76 141
40 68
25 133
0 248
91 286
212 485
247 325
171 394
8 423
212 247
129 275
281 285
289 401
121 316
232 418
231 251
55 122
9 476
46 221
465 475
110 366
254 371
276 289
11 27
77 178
28 199
356 372
83 340
221 431
27 487
86 127
121 225
75 373
301 352
277 458
380 446
166 314
166 364
398 462
113 292
85 418
264 319
141 289
34 255
406 487
105 124
252 328
229 232
299 487
126 309
146 435
379 418
34 288
43 225
403 496
122 306
227 392
107 411
382 433
43 236
107 313
73 188
392 487
70 423
259 360
231 417
83 332
58 258
99 139
208 389
264 364
381 425
5 147
53 312
404 406
70 167
235 421
59 297
333 487
312 332
108 120
172 404
207 292
341 430
110 266
126 202
213 294
51 170
309 375
291 371
85 255
54 175
66 166
65 365
341 399
217 450
198 253
210 282
218 333
142 377
82 258
172 198
50 412
217 229
238 262
139 421
67 115
335 373
299 412
447 474
285 477
101 442
15 265
411 462
68 314
175 432
132 314
312 493
19 471
290 441
47 213
215 405
204 349
346 369
27 291
166 447
30 174
99 483
220 489
439 488
185 434
145 225
13 146
94 447
15 300
86 165
351 439
75 241
132 154
10 405
265 368
39 418
39 60
8 418
53 479
124 252
209 497
385 428
269 291
252 431
25 129
34 442
55 117
15 179
310 415
482 490
63 394
376 392
328 457
264 410
222 278
134 485
301 439
82 221
99 449
69 85
29 344
338 372
31 286
49 107
354 397
72 292
344 456
222 312
94 265
5 74
201 432
90 118
364 464
48 148
196 338
1 465
282 315
128 353
181 372
30 478
25 109
398 493
29 162
147 165
37 212
159 204
181 289
106 116
41 267
100 222
180 261
60 439
236 290
103 466
44 358
5 213
357 399
5 209
82 494
332 338
315 317
252 336
155 276
192 249
68 316
207 412
251 484
343 383
32 366
362 416
305 364
43 121
308 494
143 310
164 472
41 410
144 188
218 383
46 263
13 60
288 372
52 285
31 290
98 380
122 125
409 430
228 427
15 202
136 357
235 370
140 416
171 365
3 318
112 313
226 258
9 458
196 366
213 346
240 398
3 414
25 443
86 386
166 280
66 108
125 340
45 460
83 348
82 344
36 420
91 170
49 439
185 208
70 189
337 460
81 340
73 323
127 304
146 339
271 370
16 238
412 452
76 484
71 276
51 232
9 409
3 389
33 275
32 104
31 145
123 420
36 47
273 336
85 205
88 491
133 257
75 259
318 395
124 310
73 291
166 275
372 396
234 345
28 68
179 435
31 244
67 342
22 460
112 212
78 295
104 263
110 241
224 271
67 244
123 370
346 368
24 131
116 436
130 187
9 146
34 404
316 334
125 399
165 201
202 276
5 417
1 410
175 391
33 331
275 439
104 181
181 288
179 474
299 491
125 282
90 228
83 424
151 435
250 292
294 339
159 267
350 413
122 168
278 470
284 476
71 123
270 324
58 355
60 70
410 479
253 436
137 168
269 425
4 354
239 345
235 314
357 489
198 456
75 156
199 401
38 399
87 206
45 75
135 429
387 451
180 344
10 349
150 422
46 307
427 445
248 253
3 451
268 385
1 313
270 365
70 442
145 286
196 405
73 195
252 486
76 441
47 184
56 396
84 98
151 434
87 234
403 447
29 485
198 219
171 383
84 267
154 447
150 476
302 483
142 423
110 329
59 283
104 115
404 464
153 340
51 160
282 480
232 257
134 244
151 282
124 478
20 149
155 236
111 349
93 291
25 295
345 374
6 349
182 260
0 58
288 326
239 447
83 237
240 307
113 146
30 340
144 362
74 197
213 308
47 475
167 435
49 428
5 84
93 389
110 205
189 300
192 350
81 396
119 436
112 390
143 295
74 186
179 183
103 113
402 417
103 391
17 32
405 435
136 313
135 426
29 82
205 336
95 327
22 468
58 413
241 481
268 462
258 391
279 356
60 443
101 313
135 478
43 434
357 388
187 420
16 283
303 452
455 478
232 482
101 192
184 376
270 316
90 126
292 497
116 245
139 183
31 121
279 485
174 260
145 197
19 228
90 421
213 424
360 413
13 456
9 395
178 263
171 387
10 158
289 395
180 306
196 283
23 190
397 398
103 452
40 423
194 329
87 193
298 438
276 287
369 432
0 487
69 400
377 401
230 461
94 133
195 434
305 408
130 387
97 303
238 410
72 215
30 234
212 299
63 229
424 454
285 335
6 494
164 422
142 310
148 347
21 165
334 394
322 346
26 289
116 385
118 489
150 172
280 431
28 412
19 44
250 387
287 310
243 416
206 440
269 348
143 471
191 347
116 470
488 496
160 330
88 269
36 223
348 498
422 475
242 362
26 243
16 461
20 30
254 311
23 444
44 164
74 310
368 431
151 445
298 441
353 404
73 316
408 430
21 94
140 204
192 312
40 130
191 468
194 277
103 399
54 124
103 453
86 271
346 437
24 80
143 351
246 387
111 376
376 412
216 464
181 398
41 354
207 370
34 112
186 347
105 314
152 385
111 277
71 108
118 233
222 249
269 401
95 257
417 429
85 315
132 414
370 461
57 128
200 437
202 215
223 314
198 204
154 327
409 419
20 186
238 479
262 317
333 431
224 266
184 234
160 398
352 438
50 400
130 481
110 434
156 198
211 253
145 448
281 464
236 415
59 296
276 415
305 439
24 276
138 196
66 446
438 472
241 252
346 497
111 472
160 369
115 439
93 329
305 458
358 359
278 376
6 391
35 456
130 290
71 478
302 376
434 473
373 445
59 103
56 347
380 437
31 70
26 48
169 373
327 412
275 323
239 363
49 299
267 332
197 325
15 425
163 419
50 54
94 205
355 419
155 347
454 467
229 492
179 223
243 378
103 322
129 164
136 435
340 414
391 478
247 339
348 355
393 472
141 485
138 164
99 443
281 288
335 356
257 432
32 487
338 458
116 223
90 413
125 278
152 195
132 454
15 114
433 490
352 392
221 455
94 195
69 362
159 334
109 352
376 472
43 217
201 292
206 359
387 443
223 414
176 185
83 153
4 33
226 266
87 318
211 484
323 364
469 485
286 478
32 49
474 475
164 451
20 492
5 485
56 59
22 209
115 177
192 456
118 332
41 107
227 275
178 320
130 431
58 77
321 429
8 261
187 204
250 418
28 179
212 358
34 371
258 322
12 270
244 290
120 432
70 287
128 392
338 409
230 360
52 398
115 403
407 426
151 319
112 400
72 466
166 423
12 413
202 378
47 354
16 287
363 443
6 491
356 366
35 305
81 449
434 465
69 409
185 384
244 385
259 412
280 322
3 118
254 481
45 454
387 433
204 221
151 423
220 280
212 343
34 35
9 214
350 374
46 458
70 484
185 296
64 322
35 151
104 122
324 353
156 280
479 499
429 459
162 210
188 267
215 268
260 486
444 458
119 321
338 416
222 388
255 430
39 392
69 164
107 142
460 495
253 270
165 400
190 248
363 427
210 415
54 213
97 207
291 298
472 483
226 318
15 455
45 490
4 21
228 398
70 227
31 412
451 489
287 425
312 382
46 59
116 333
238 437
251 322
316 422
236 273
77 349
205 244
33 323
298 476
289 454
180 376
337 479
170 343
55 455
90 152
22 166
78 290
41 400
82 179
292 474
299 477
137 372
19 226
150 236
142 467
20 251
252 349
266 470
61 310
34 240
9 101
157 311
33 51
145 231
129 339
251 282
129 142
225 382
92 298
163 368
194 255
80 265
352 409
239 404
139 156
42 466
114 447
185 366
83 191
159 302
179 393
459 461
25 44
73 182
54 73
256 310
2 271
76 478
65 94
412 423
68 201
71 417
305 318
111 281
91 455
153 386
398 473
55 151
57 153
33 66
168 279
200 278
21 408
131 187
87 417
157 295
9 452
463 496
289 489
153 321
126 192
196 455
159 338
176 359
29 161
289 413
31 277
369 417
68 497
89 385
239 296
0 343
189 417
29 191
70 400
33 229
42 200
42 52
22 490
280 315
322 393
379 400
120 219
4 398
340 416
87 117
17 241
256 328
416 426
141 288
174 401
1 444
82 260
13 374
405 436
14 88
30 113
115 485
268 490
110 147
219 265
154 485
5 423
100 323
51 272
182 342
211 401
144 361
429 481
98 271
439 490
320 495
100 461
118 395
197 202
247 466
213 296
22 61
58 347
161 236
168 474
121 393
320 402
210 276
12 310
282 292
128 174
31 429
43 331
322 341
366 457
145 147
1 88
17 219
104 462
346 354
35 262
68 391
362 366
79 268
237 343
374 401
151 159
148 193
315 360
183 304
102 379
15 129
235 342
264 390
109 115
19 239
467 496
22 225
236 299
90 381
6 40
8 67
249 341
158 160
65 421
3 360
0 347
76 297
286 365
154 416
27 233
239 277
192 226
15 141
352 384
108 280
212 345
338 480
216 364
85 179
58 460
65 399
290 319
154 207
147 426
160 351
188 457
266 422
433 442
391 445
175 369
313 334
118 444
89 226
35 188
204 323
107 437
209 443
21 398
130 349
63 487
446 455
191 225
14 174
42 247
0 430
78 374
242 427
262 469
89 318
98 193
128 488
41 206
22 375
335 365
61 497
14 269
54 384
403 464
388 434
57 298
312 326
115 401
270 473
5 102
314 490
421 423
95 363
110 372
60 346
12 204
29 214
6 220
27 259
92 94
18 389
0 450
106 211
4 201
102 246
354 471
103 372
153 298
235 294
245 449
117 468
210 305
3 365
56 74
336 487
151 174
49 187
8 57
274 413
150 382
19 208
65 205
124 308
71 436
332 413
5 229
128 200
3 277
121 445
93 283
372 464
180 335
348 369
271 309
253 405
426 447
371 415
363 416
258 339
45 82
52 179
209 331
44 286
243 376
394 441
260 478
186 265
108 371
56 109
201 300
249 486
129 359
282 335
379 483
31 385
120 399
363 449
100 378
105 198
6 320
13 351
22 467
60 297
208 284
133 454
258 496
318 331
87 323
411 480
308 472
377 456
191 467
335 418
49 295
169 197
285 288
259 481
435 495
168 439
282 391
237 265
272 333
13 53
109 139
360 430
139 308
389 419
482 495
161 413
90 445
213 480
269 366
74 389
165 166
146 183
25 222
141 165
23 400
136 178
272 400
82 119
71 206
234 242
4 488
31 489
21 342
343 352
164 209
64 459
52 459
300 357
175 416
130 303
40 108
54 320
291 400
67 438
73 490
131 290
348 401
164 171
275 489
31 252
347 376
98 100
162 474
118 137
351 498
37 68
339 403
182 198
17 136
87 490
30 183
44 285
190 463
152 423
318 373
397 485
324 399
274 436
14 205
197 475
179 472
138 195
268 433
309 377
46 260
136 221
17 45
196 246
95 135
93 197
259 469
488 490
283 416
97 261
227 292
226 399
39 406
72 171
73 269
82 353
38 316
174 220
0 13
146 310
269 393
194 443
48 385
141 308
137 425
368 383
111 326
28 298
260 394
53 220
129 228
276 452
136 337
396 450
95 252
116 289
171 224
256 470
156 308
106 383
358 457
295 487
201 232
320 363
172 335
233 314
306 447
148 185
55 462
66 478
27 305
65 417
26 185
3 367
251 440
407 441
140 188
114 365
60 182
28 258
15 381
352 437
300 498
124 276
15 471
66 335
103 467
61 162
218 415
294 368
295 430
129 493
178 184
26 339
347 499
4 301
401 402
178 296
366 448
164 290
172 254
323 350
446 496
78 400
12 465
353 362
215 452
185 445
3 123
262 373
460 470
119 486
32 367
190 437
91 371
230 372
199 298
99 369
236 238
183 394
56 272
387 476
251 258
35 308
318 389
85 318
330 419
443 491
162 165
50 152
40 217
50 276
455 464
95 116
234 375
86 359
169 338
263 370
150 349
343 488
91 234
297 334
275 287
214 418
143 484
67 431
329 377
190 378
271 488
201 363
33 435
169 440
245 294
92 429
228 302
196 199
149 213
244 405
262 499
108 272
44 419
13 63
250 263
47 129
334 455
229 315
186 222
58 186
250 404
233 363
176 237
210 450
146 249
83 215
182 484
245 368
245 432
59 388
253 268
435 472
189 370
65 162
240 309
169 318
64 348
140 344
271 334
156 218
252 475
227 332
179 257
2 270
44 409
189 389
25 197
103 382
111 481
293 345
86 366
63 244
120 203
165 362
68 289
151 442
296 420
12 469
11 246
33 139
275 345
176 311
24 125
11 437
352 389
180 312
342 408
13 151
217 379
222 345
269 375
111 328
129 435
62 307
284 373
130 192
8 255
255 494
282 490
401 432
105 245
194 223
308 475
97 217
273 369
9 51
150 273
178 259
102 179
120 168
36 432
72 78
16 416
129 337
3 202
94 393
287 470
50 219
90 484
403 473
332 425
52 482
40 62
293 364
136 457
8 16
139 345
1 55
192 225
77 467
258 282
392 485
7 61
25 176
246 363
116 157
31 490
25 138
287 385
200 209
15 201
142 151
2 122
297 496
77 79
264 490
228 377
247 406
195 259
70 335
190 309
276 427
216 399
297 468
423 441
393 432
328 498
31 313
106 150
87 159
237 297
271 381
339 431
55 156
245 391
64 416
132 411
469 478
108 436
18 301
61 385
117 176
62 348
224 390
30 92
152 421
206 442
215 469
161 291
161 429
21 261
318 426
34 286
181 385
168 457
164 455
110 118
122 280
93 333
191 325
13 288
234 407
213 428
16 410
53 446
161 295
175 283
192 377
92 107
277 437
64 474
142 252
217 279
333 459
178 275
15 58
84 163
199 434
261 338
204 454
316 352
273 414
304 484
237 280
349 426
41 170
167 290
231 239
192 463
145 403
35 74
18 287
3 485
152 300
99 320
211 335
210 264
243 437
43 253
415 450
66 373
141 186
53 164
213 324
84 425
344 373
149 389
118 274
261 307
188 435
219 481
156 233
101 364
150 410
59 193
303 400
131 434
33 482
176 466
166 287
78 95
80 164
6 189
459 466
205 481
63 342
63 249
323 337
25 184
289 351
248 372
58 83
168 190
188 203
51 288
283 448
178 433
15 458
34 237
278 412
233 389
64 415
10 19
8 318
137 220
111 480
336 392
15 89
144 200
43 62
458 487
211 424
149 307
73 485
185 239
52 281
95 173
5 457
88 137
40 400
132 253
108 221
114 234
27 162
58 438
333 483
181 294
433 475
74 252
226 358
92 98
200 293
347 362
46 437
357 499
341 348
43 258
38 442
243 390
105 161
364 488
93 338
18 224
27 403
347 445
147 484
67 168
475 490
119 201
298 483
62 371
20 457
259 283
181 469
201 371
207 287
23 133
436 483
225 394
286 319
292 408
284 421
209 484
133 453
49 120
77 228
32 364
220 260
149 357
298 382
112 270
132 134
71 126
265 357
335 345
10 462
4 105
454 475
198 358
111 175
374 402
42 193
132 401
26 347
141 483
100 300
383 385
329 431
386 476
306 412
244 302
161 425
64 305
278 451
20 69
146 396
77 84
117 260
214 243
306 376
80 103
306 317
210 266
66 454
10 383
40 127
55 468
72 428
66 190
117 369
278 483
26 159
131 202
23 395
24 64
121 172
207 295
353 433
14 113
208 296
324 366
226 482
16 262
180 441
177 227
138 160
1 26
457 480
132 279
323 431
3 17
91 183
14 52
285 475
27 484
120 408
17 189
184 192
153 328
93 161
229 293
10 81
88 482
279 387
32 316
116 148
53 447
402 427
87 496
44 496
254 498
344 399
44 106
153 193
193 328
297 443
87 267
196 243
103 421
179 394
456 469
231 440
357 472
111 477
211 371
137 289
228 384
11 179
15 171
55 354
87 266
65 97
55 433
66 205
87 263
291 317
120 325
35 451
200 242
132 229
198 486
44 260
92 340
2 317
221 382
314 390
132 429
233 480
80 112
196 208
305 497
99 185
332 473
166 465
328 476
170 365
60 273
216 452
187 498
44 300
332 472
59 75
133 247
98 160
230 428
271 461
49 421
124 125
206 289
162 171
281 490
218 366
364 379
27 150
35 473
85 167
249 492
305 437
226 232
350 422
243 417
2 91
181 491
73 153
192 335
117 339
328 395
324 371
23 42
175 426
194 492
141 468
13 445
166 368
64 199
369 416
91 94
275 440
4 393
59 152
259 487
74 187
113 154
294 448
195 370
401 494
68 106
9 178
129 259
187 309
264 468
265 442
132 354
357 431
29 432
45 407
36 374
382 406
187 196
52 320
74 80
167 448
21 391
20 65
84 392
123 132
29 482
66 191
201 247
68 407
178 283
34 465
261 445
141 323
102 446
55 430
263 385
295 438
244 417
134 450
217 425
77 249
268 499
182 368
244 398
182 446
117 160
50 449
307 470
53 462
344 437
140 487
140 377
205 399
178 332
243 305
256 349
277 384
78 129
58 380
6 345
398 448
412 440
39 196
138 445
138 354
418 469
201 424
70 210
34 219
65 374
83 95
315 348
163 252
332 399
153 417
68 341
88 178
109 499
124 216
306 364
198 212
130 400
62 402
294 370
44 143
332 335
127 332
30 277
62 151
201 374
342 346
265 376
292 332
128 325
343 483
97 131
76 280
297 317
238 455
66 229
65 224
306 341
62 79
177 256
165 241
113 412
291 457
329 347
78 269
293 404
119 189
174 367
174 243
18 251
35 395
164 217
227 439
113 428
99 235
70 106
314 346
162 364
182 420
16 426
385 398
83 212
144 234
235 349
16 102
175 388
116 420
26 404
147 168
7 249
8 276
306 410
157 404
154 186
258 359
223 352
115 318
454 479
357 461
53 408
44 371
105 396
311 460
85 456
208 353
88 477
233 401
353 455
424 477
134 221
82 97
159 170
154 312
94 496
126 193
311 329
153 215
64 319
9 131
9 441
134 227
11 96
14 496
362 425
333 418
275 385
230 418
12 435
40 445
373 388
262 417
200 355
211 372
144 249
75 105
110 270
83 119
209 305
91 253
370 392
162 175
115 324
329 376
223 227
393 395
75 270
185 439
102 342
56 404
110 209
11 232
13 369
193 402
163 169
338 495
216 315
33 398
81 345
62 64
25 279
63 155
53 484
179 246
197 407
88 460
423 466
424 461
279 288
400 472
90 269
113 271
428 469
255 371
349 356
45 251
280 477
201 320
185 227
272 290
40 167
58 87
217 467
186 193
82 483
167 406
36 183
445 447
139 281
34 316
348 360
35 353
353 380
343 382
70 109
253 371
81 277
273 445
215 434
251 408
258 443
140 391
141 267
335 469
177 362
170 375
171 362
330 361
474 494
104 278
239 427
130 499
209 388
327 352
140 484
2 435
130 377
313 478
288 402
247 255
198 281
62 124
334 367
27 174
40 435
115 119
466 479
70 343
119 475
198 240
226 313
81 180
141 244
310 312
180 212
171 416
87 438
201 310
81 420
13 353
209 475
21 226
74 491
175 301
51 84
35 309
97 256
244 490
107 208
21 341
42 89
21 418
63 267
280 494
227 308
5 87
268 391
334 378
294 330
99 488
367 422
159 369
143 210
332 445
154 496
237 248
3 89
235 497
211 291
105 365
25 270
130 424
171 258
48 421
227 481
232 407
268 376
37 125
13 93
209 432
82 280
266 421
28 182
270 380
122 145
241 482
71 244
349 382
76 105
104 331
135 136
30 243
96 484
60 427
202 356
39 252
197 220
114 240
84 394
47 214
130 319
6 272
409 466
22 36
152 160
95 204
78 84
162 329
93 203
418 438
286 483
83 125
350 419
419 467
340 442
409 410
282 318
371 499
3 145
118 468
121 416
222 277
324 343
380 466
282 304
112 175
475 485
77 127
34 57
271 462
293 438
150 233
226 424
177 475
189 247
204 312
461 490
12 169
230 346
312 481
127 497
76 369
104 477
334 398
39 266
22 281
59 174
90 222
41 88
225 471
34 423
247 253
369 486
110 377
110 179
278 474
239 470
74 348
260 338
69 168
206 326
95 360
92 158
74 195
130 375
178 422
25 199
13 127
275 315
250 362
17 35
210 299
253 287
129 358
292 355
63 491
60 97
274 471
75 334
97 267
186 380
7 327
0 286
139 411
190 325
36 449
29 40
3 124
50 439
245 400
205 353
318 329
114 373
103 116
91 488
94 316
318 379
261 370
53 386
60 230
193 492
131 453
57 278
144 475
334 383
77 474
321 417
413 488
210 311
290 371
380 440
425 482
276 386
106 391
232 461
122 449
240 408
175 497
143 435
267 470
183 207
259 491
106 367
35 128
194 238
430 436
414 427
28 429
25 246
69 283
133 498
92 171
154 357
312 468
175 499
57 271
125 480
207 306
442 460
182 218
70 336
54 355
20 463
135 251
266 382
159 289
94 429
99 410
399 403
287 338
147 307
50 82
62 276
218 475
406 424
116 392
193 213
220 397
84 205
299 300
149 470
155 290
133 278
355 427
405 463
43 49
263 372
204 462
251 273
48 439
55 76
466 492
69 452
23 337
299 306
47 386
339 482
467 470
135 180
106 459
128 299
160 437
47 191
296 302
23 130
159 437
272 311
56 153
360 465
221 252
126 144
110 315
71 288
154 258
168 320
250 276
131 135
290 308
135 158
191 358
37 45
15 76
10 378
132 302
60 242
259 445
75 204
225 457
278 323
83 335
194 320
276 308
27 164
81 334
152 169
30 311
72 370
37 293
359 405
130 390
128 187
95 436
248 337
15 231
301 319
349 446
59 178
165 371
52 89
398 400
56 335
305 373
7 165
134 426
255 385
134 484
306 397
360 407
221 343
377 395
294 486
121 229
171 273
147 397
133 241
218 423
273 364
342 366
209 448
371 446
105 491
297 428
129 455
1 228
243 490
182 192
48 247
239 287
157 213
74 459
91 350
325 357
261 440
231 460
107 248
155 481
30 89
220 308
95 243
148 469
340 470
341 463
174 337
37 395
311 353
229 477
174 480
439 477
14 49
155 304
469 471
32 55
64 260
52 340
229 267
385 422
211 458
108 264
238 467
9 499
113 445
370 498
10 428
150 346
13 246
103 120
7 337
19 251
34 343
267 400
369 378
239 274
482 488
255 315
204 469
275 410
385 487
84 221
30 63
229 428
147 451
410 440
275 364
74 422
66 344
102 181
372 401
115 392
432 494
283 426
88 210
177 264
209 330
187 272
84 311
208 306
157 281
27 310
42 429
40 188
286 315
250 365
59 425
255 345
359 436
77 496
428 492
156 282
218 408
120 393
343 474
144 165
354 480
149 293
81 146
356 493
112 388
53 432
195 347
344 368
318 483
159 239
21 131
469 472
463 490
206 372
82 346
41 42
457 478
327 413
244 373
1 330
72 153
136 306
154 275
363 492
147 499
79 445
53 98
264 436
40 433
14 296
12 397
321 419
452 455
153 208
288 360
189 349
309 426
292 388
168 285
295 303
58 206
19 453
250 472
322 337
129 429
6 103
177 306
272 447
356 478
157 316
20 44
276 351
35 346
223 480
155 328
165 427
176 430
222 271
447 480
199 336
150 496
338 381
391 425
58 133
85 108
63 303
487 492
185 345
77 179
216 427
288 498
22 448
83 453
76 161
179 363
212 455
18 104
246 287
94 157
367 377
54 472
244 441
47 343
61 486
103 255
392 395
178 339
23 202
183 457
72 250
306 342
336 451
29 365
90 220
273 392
1 275
135 191
209 492
34 235
255 304
56 226
159 435
233 377
262 268
138 155
60 131
195 440
282 299
318 466
18 147
87 182
16 216
246 424
211 320
51 423
275 495
36 140
270 497
6 407
287 427
14 470
35 435
313 419
215 444
109 122
447 452
5 436
125 200
220 267
117 448
425 464
415 448
141 225
157 315
313 325
92 141
43 312
84 381
38 123
189 253
271 476
84 202
13 328
229 413
98 254
82 266
300 352
404 432
273 278
337 449
200 382
246 453
13 31
286 372
23 430
237 423
451 459
48 419
149 462
249 253
198 287
181 485
54 134
24 38
171 284
156 381
294 459
24 274
343 499
121 399
234 315
120 473
257 272
143 283
225 388
188 228
109 166
2 156
52 93
2 310
180 371
190 265
181 335
51 158
54 365
203 429
36 198
132 156
322 355
24 476
39 435
51 301
179 339
141 462
181 414
217 460
184 244
49 170
272 480
110 388
42 479
145 484
159 329
104 218
205 415
210 247
263 389
164 352
2 462
142 205
179 292
56 159
382 383
250 323
431 483
200 325
318 325
62 444
122 286
178 249
16 98
398 463
332 438
279 450
261 310
10 319
103 354
350 363
402 441
396 489
319 387
301 305
28 371
329 342
31 65
76 248
138 367
132 305
30 46
59 203
265 277
455 463
107 417
81 440
342 348
374 407
347 432
65 148
2 294
304 313
156 215
452 484
119 369
345 474
179 332
68 200
11 112
59 273
392 394
26 287
96 426
392 473
12 113
110 398
421 466
21 267
162 336
226 364
115 441
212 300
340 343
76 169
264 278
353 354
171 489
98 226
10 436
39 155
319 384
338 377
237 469
151 230
157 397
228 498
381 391
40 230
335 486
88 449
57 473
451 475
136 165
298 449
139 481
328 499
60 353
2 419
183 359
112 201
309 409
251 395
47 225
81 84
168 496
160 242
143 179
228 409
148 222
426 437
256 318
105 251
447 498
333 351
69 393
13 115
195 305
132 333
33 45
350 490
297 380
107 388
44 271
335 428
326 374
119 271
26 344
52 104
106 207
1 184
198 398
38 289
326 481
18 43
95 178
72 325
357 469
39 239
313 363
416 484
7 319
407 486
309 410
137 305
64 465
194 198
274 344
103 469
20 436
362 400
96 121
25 278
158 301
106 255
38 151
263 411
72 401
12 483
295 400
346 430
169 376
24 90
196 454
98 161
397 416
75 285
374 385
12 308
297 452
125 299
244 327
40 67
115 349
25 127
32 43
17 341
42 424
182 421
165 230
152 224
197 276
79 232
41 275
405 421
192 328
72 418
109 462
173 205
0 164
146 312
398 466
122 403
134 252
71 204
263 267
262 352
135 419
153 176
374 386
132 367
270 300
132 413
89 259
213 230
212 256
61 188
286 476
190 385
33 145
380 493
193 287
71 212
10 380
71 132
53 382
350 446
79 431
189 466
350 394
102 472
1 490
129 436
121 290
62 405
51 188
144 318
92 179
388 441
234 302
438 459
125 266
59 269
17 148
32 432
24 266
127 307
57 220
253 306
167 423
182 274
10 294
291 306
238 480
62 319
41 295
43 155
210 490
52 434
107 238
163 187
91 331
36 402
301 415
135 330
60 228
37 262
163 343
119 426
59 363
63 107
43 457
11 19
361 412
424 441
69 192
32 470
135 336
143 325
158 169
291 321
26 334
276 280
375 403
38 66
343 371
171 342
220 369
56 463
90 147
57 176
148 260
22 210
3 143
168 387
445 490
304 380
90 273
38 204
34 184
151 460
45 150
272 342
90 466
18 178
111 407
225 317
355 472
242 468
313 499
167 470
16 469
156 350
2 95
129 181
81 225
218 246
132 377
70 215
181 471
2 200
158 481
176 205
220 488
240 357
327 497
86 428
404 444
75 109
98 319
176 305
63 71
202 351
311 380
311 322
135 263
200 489
139 181
316 476
94 134
43 278
178 294
364 435
88 365
212 333
279 317
181 371
213 430
16 400
387 405
49 469
322 446
12 363
105 290
327 393
125 202
422 462
108 146
319 328
83 206
250 453
129 241
257 407
81 149
19 26
208 230
70 370
12 485
118 453
363 468
104 364
292 485
218 269
27 200
160 385
5 280
110 476
67 325
9 439
180 386
17 230
165 407
65 296
443 485
244 349
119 380
210 283
123 148
308 442
139 355
33 255
80 347
242 384
30 133
27 441
175 489
183 220
119 352
128 475
409 416
163 311
18 197
148 194
67 338
90 475
151 336
207 255
114 170
243 473
23 431
48 361
301 460
55 480
157 178
163 312
370 465
365 404
158 277
135 355
221 478
130 365
124 353
146 178
379 485
110 245
6 265
160 258
91 267
78 287
205 328
154 185
23 438
281 443
111 432
131 241
74 233
77 225
294 472
165 454
211 215
21 108
191 256
120 417
174 239
188 414
77 232
206 272
158 161
466 484
128 366
195 384
104 486
238 365
42 60
258 353
92 288
290 358
214 219
65 207
200 223
22 347
65 70
286 341
76 118
116 221
181 211
36 469
151 255
413 448
123 480
306 453
87 422
389 482
185 453
158 438
267 425
118 360
19 203
1 351
29 99
460 491
179 458
241 393
368 467
98 316
238 377
196 251
424 491
204 498
38 334
136 430
46 176
119 421
60 99
408 422
386 481
75 243
70 276
126 250
55 287
194 386
142 193
170 187
18 290
179 265
246 436
149 188
130 279
21 95
7 493
30 178
32 471
72 319
82 293
182 234
235 406
111 499
97 417
274 475
98 433
20 406
177 460
20 372
443 475
242 347
9 319
80 343
48 428
176 415
222 307
73 422
104 270
78 267
243 250
312 410
209 398
102 262
197 213
46 266
89 419
28 425
139 448
76 166
73 491
124 379
132 290
369 496
126 239
33 413
12 247
116 369
12 246
274 308
28 384
428 451
231 430
114 189
69 191
204 235
67 243
242 412
308 379
95 395
44 333
233 324
379 466
325 440
398 404
99 335
97 105
398 460
114 135
12 42
399 491
336 485
96 288
360 371
257 434
6 481
269 289
124 484
122 288
59 146
233 240
339 464
98 422
227 460
56 453
257 316
356 419
238 289
102 212
67 279
389 444
228 404
14 210
47 270
59 170
41 237
239 384
285 340
86 344
88 143
226 322
264 308
228 351
327 380
85 434
137 476
202 333
339 430
198 404
222 431
96 239
212 414
201 227
271 404
76 215
301 433
260 435
134 404
196 456
187 201
226 369
359 435
399 482
258 279
243 293
12 430
421 422
288 443
27 379
5 269
14 165
350 376
55 116
161 339
4 448
299 453
49 105
133 137
7 162
248 338
76 427
40 360
165 436
21 38
11 452
189 351
111 458
253 375
445 486
351 379
423 494
180 258
171 176
264 443
155 284
32 369
32 382
205 457
87 452
13 394
287 394
2 206
330 388
439 469
83 227
229 340
110 134
53 489
327 396
274 332
23 475
94 436
294 410
65 471
17 386
433 481
95 473
186 403
265 272
313 415
114 419
27 311
17 417
126 444
271 407
102 219
210 352
208 281
18 281
74 79
5 278
74 288
20 45
20 444
69 119
242 382
59 396
291 315
4 178
395 458
402 446
69 165
229 237
106 435
56 398
95 481
31 484
111 366
48 180
137 459
430 488
256 408
252 483
14 157
237 279
170 200
257 397
59 429
69 365
303 496
96 174
153 159
479 498
408 458
4 31
259 419
34 64
166 339
78 97
138 328
265 294
181 453
363 430
149 185
39 407
209 387
114 159
114 478
195 249
168 366
25 434
80 295
84 488
63 481
378 404
98 400
117 289
101 461
168 411
275 383
470 482
304 372
39 209
221 257
141 145
246 423
167 251
178 215
288 419
443 459
289 393
6 162
59 262
244 279
34 92
211 418
461 477
89 289
175 266
223 252
21 182
21 218
96 289
340 490
96 158
105 440
25 140
350 449
307 379
4 339
407 463
122 422
430 459
1 438
204 233
309 442
190 370
128 303
53 367
202 463
326 358
105 215
84 224
64 455
54 106
232 357
29 461
318 348
459 471
257 285
216 285
147 299
31 236
193 498
1 129
84 278
12 39
8 259
38 224
366 452
19 24
87 240
185 415
263 273
167 301
127 220
301 484
107 373
25 165
7 142
110 340
18 375
66 367
30 268
70 86
31 250
19 137
11 354
195 344
84 437
204 279
48 178
52 103
294 386
52 492
63 82
468 485
43 378
160 345
159 248
42 272
372 407
11 15
151 163
159 354
153 402
297 310
52 388
258 381
453 467
366 425
114 160
210 370
324 445
7 75
84 442
154 268
45 238
301 475
79 430
77 83
104 332
122 252
213 215
159 481
178 191
320 453
242 255
157 263
221 384
283 496
200 404
130 456
351 361
341 425
279 451
205 308
34 439
140 335
233 487
77 482
185 408
195 412
233 347
208 384
237 364
62 224
417 487
96 454
46 51
111 347
123 336
125 438
146 498
157 205
27 106
54 314
156 469
6 309
242 464
134 163
188 318
12 493
75 281
158 204
7 302
9 424
106 135
304 413
91 257
28 442
304 464
220 246
95 438
93 328
156 446
421 496
113 138
151 203
286 293
25 206
65 344
206 283
183 429
43 187
38 268
252 369
334 471
173 193
211 260
24 153
208 318
167 390
333 491
130 302
370 387
124 426
186 467
91 400
89 188
41 252
70 282
6 498
146 160
155 365
300 349
380 454
200 304
210 435
206 353
75 203
155 228
317 497
183 270
203 439
0 258
242 274
26 99
82 204
68 184
332 386
84 229
13 277
153 289
282 498
222 353
226 412
111 252
138 243
87 439
18 122
265 439
262 475
66 436
237 296
109 430
58 499
108 254
11 343
141 362
110 237
181 316
131 478
96 348
78 381
228 481
383 388
411 425
94 335
13 379
70 405
298 407
366 460
136 491
90 282
35 97
112 133
356 432
133 439
105 409
123 467
344 497
281 308
195 299
81 159
77 478
26 131
181 332
161 403
26 368
86 254
9 112
395 402
339 474
248 316
251 367
69 427
420 451
226 425
357 434
213 378
16 332
47 55
293 372
66 473
28 403
223 299
184 242
320 444
10 163
20 180
164 374
194 226
11 131
266 493
294 492
19 382
301 499
224 440
180 449
25 435
293 350
383 486
150 162
293 300
126 164
56 254
102 299
120 360
96 333
82 430
237 499
123 215
75 115
143 267
340 363
70 91
183 203
126 220
79 491
122 334
106 168
15 345
250 270
337 491
59 153
209 353
205 498
45 76
8 191
235 379
19 56
82 379
53 69
150 228
255 284
53 413
148 265
105 443
278 326
204 317
121 234
284 328
344 495
38 99
327 387
3 349
97 202
269 444
94 165
198 423
2 45
245 420
357 451
239 461
117 359
77 134
116 175
190 462
218 482
62 384
133 361
62 200
132 359
312 387
222 491
86 144
66 341
367 403
234 474
265 282
450 483
34 100
285 468
6 375
56 395
42 368
452 493
426 433
426 466
48 275
158 316
419 497
62 251
59 390
287 486
167 367
271 351
212 419
179 268
96 285
479 488
66 275
260 403
407 478
21 405
73 179
33 121
156 259
68 392
313 361
246 384
317 470
26 76
220 365
200 341
294 356
101 164
111 200
436 456
120 156
33 230
44 381
125 300
374 444
180 460
261 287
316 498
331 350
53 212
219 242
81 339
303 411
248 382
124 481
389 447
215 255
85 393
380 393
134 405
62 414
325 327
83 317
176 218
75 337
81 115
162 243
394 483
184 307
45 236
70 469
126 364
212 417
146 475
19 340
49 144
85 448
34 164
163 319
190 194
356 434
274 402
106 177
231 448
96 439
149 282
156 267
164 276
165 444
49 161
178 341
411 430
226 414
297 448
46 360
17 397
236 351
118 362
449 485
200 224
177 305
21 93
110 172
388 408
96 282
291 378
134 223
322 418
102 256
160 394
257 262
167 363
8 293
152 490
258 354
33 287
180 190
5 462
258 395
95 119
130 408
54 93
133 443
409 437
143 338
415 453
156 365
418 467
216 455
141 396
157 356
53 397
229 246
313 360
68 327
336 361
153 383
320 359
43 215
338 360
165 286
261 342
24 30
155 204
78 126
166 402
260 392
193 246
140 222
79 378
442 472
58 404
202 217
335 481
368 391
37 485
26 167
14 498
8 124
243 302
126 175
185 226
66 182
95 464
172 491
147 161
126 420
26 360
32 291
86 208
47 127
212 377
11 141
108 193
45 418
369 413
231 234
365 418
119 183
201 352
401 478
302 350
214 277
328 470
142 291
226 410
146 166
207 498
210 288
104 189
84 419
12 471
82 389
253 349
7 404
87 306
243 347
290 495
223 455
144 275
142 215
266 341
204 285
444 489
134 364
223 432
96 308
85 331
20 252
37 121
139 255
159 276
196 440
262 404
196 487
90 264
311 418
89 377
48 116
181 216
109 324
73 429
217 246
131 145
27 92
259 328
29 55
6 271
134 419
372 470
389 481
338 420
132 491
171 415
98 162
5 407
230 392
21 495
43 472
227 442
56 269
297 447
178 390
51 281
74 106
240 372
138 335
110 145
203 414
35 276
187 251
11 77
415 497
87 274
264 292
377 398
98 388
348 485
196 426
28 487
236 237
141 428
422 436
5 146
145 294
108 423
22 317
113 252
24 214
211 277
75 151
155 421
20 61
283 303
12 431
19 157
104 195
228 235
73 262
6 398
295 443
289 328
236 490
232 345
41 426
253 465
72 94
251 420
178 415
112 225
321 351
270 321
173 396
450 477
315 386
175 488
190 205
201 242
223 467
56 216
325 421
240 249
26 299
163 497
311 363
47 148
101 315
99 211
18 252
330 450
149 344
212 396
134 369
60 374
212 266
457 467
343 361
0 238
102 268
105 412
21 68
124 162
241 356
315 416
217 333
81 210
143 150
45 54
199 287
126 430
351 479
184 395
298 498
107 333
95 126
188 475
107 474
253 297
369 441
364 385
349 398
323 405
70 371
215 414
146 279
71 307
42 294
179 495
252 285
312 358
374 379
112 455
31 498
214 371
2 158
427 431
94 239
274 474
391 395
162 373
85 442
173 429
217 441
30 232
226 230
427 448
229 301
29 175
51 460
219 470
294 366
352 366
267 274
23 50
62 306
177 431
81 157
67 147
204 210
1 15
133 181
43 245
218 277
162 246
57 280
30 389
162 282
300 457
150 301
155 326
32 135
67 108
9 390
213 240
44 133
195 454
223 426
173 460
114 362
116 419
53 385
90 371
8 347
147 149
87 268
86 387
182 336
97 145
155 440
156 176
86 445
46 442
201 431
332 361
77 408
235 423
339 446
257 284
373 432
36 323
219 221
75 445
98 265
387 450
318 491
142 341
152 475
419 437
121 332
141 348
303 338
149 343
412 498
152 294
6 402
233 298
15 435
33 204
171 467
359 384
285 453
28 290
94 156
173 302
221 379
153 307
158 363
244 316
321 329
390 444
383 441
131 428
130 399
188 284
222 317
267 466
75 378
315 378
166 167
0 140
267 356
36 467
14 415
107 296
262 339
225 435
17 481
229 259
219 450
103 225
71 217
235 374
1 38
47 452
154 303
190 471
238 281
144 152
213 496
377 409
162 399
35 436
142 385
199 408
23 164
250 490
9 41
193 227
6 275
302 463
227 298
103 145
53 302
189 275
52 425
161 464
325 467
348 411
117 241
21 183
44 67
96 372
215 435
161 397
76 472
210 219
108 209
18 195
186 417
1 282
237 476
72 416
88 104
61 464
42 178
358 382
208 352
421 493
137 269
21 172
259 446
22 167
175 212
254 354
408 420
333 375
205 233
308 416
142 229
35 253
361 490
67 127
181 468
18 437
464 485
86 112
58 164
313 428
66 171
26 342
254 424
353 373
352 435
266 322
321 388
395 468
46 71
118 373
7 430
470 472
287 351
71 252
32 332
186 198
339 428
157 451
132 436
285 341
119 339
2 292
32 96
91 376
159 219
430 433
141 250
212 291
437 475
48 177
23 193
66 230
31 42
313 390
72 330
40 144
264 429
198 478
196 432
19 224
133 157
127 247
152 351
158 435
116 338
278 331
430 469
256 363
59 122
88 121
32 399
296 399
237 316
298 496
325 496
215 282
246 493
240 421
71 156
69 251
36 130
109 307
216 258
247 285
377 491
7 124
119 332
13 187
28 92
152 403
137 450
3 14
243 419
268 436
180 286
25 480
85 187
83 90
136 341
413 497
299 360
59 93
101 338
20 155
25 281
63 185
67 292
182 348
205 307
268 417
0 393
281 480
453 490
124 231
59 185
48 127
440 445
190 426
110 303
135 491
36 411
115 494
255 283
46 170
465 495
321 481
108 297
25 168
13 254
364 492
137 375
176 420
152 154
75 157
217 409
259 291
63 135
202 305
43 413
161 340
223 424
195 251
27 126
215 247
60 260
378 392
198 280
228 450
143 195
75 239
50 105
3 400
67 436
73 483
106 108
114 438
83 476
192 265
157 200
331 475
373 484
181 463
149 280
36 336
19 424
12 254
242 418
66 80
72 391
324 491
1 359
210 237
340 409
17 474
136 433
73 168
61 307
153 301
182 334
116 356
370 395
286 398
22 196
85 138
334 392
153 172
185 313
240 431
66 104
48 179
166 291
52 124
12 99
47 82
185 273
132 216
133 467
4 137
87 248
27 46
46 334
396 454
107 468
58 320
455 465
151 166
207 339
7 431
343 434
226 352
168 317
181 263
1 97
13 279
237 489
161 451
69 170
169 431
146 493
46 101
314 476
98 118
88 132
100 252
432 492
39 328
133 350
148 304
57 183
97 444
114 258
214 333
58 279
299 380
105 345
167 257
218 489
256 381
354 392
119 263
121 461
2 370
41 482
19 446
129 267
221 425
401 431
374 417
148 254
187 348
200 423
315 335
52 321
40 314
190 217
119 422
30 352
30 345
26 433
101 351
22 499
161 263
91 407
169 451
81 370
117 425
159 445
88 414
355 455
54 299
6 34
37 410
128 447
384 401
191 431
107 169
317 496
103 153
129 360
414 418
286 333
153 256
223 292
290 419
329 371
172 454
12 107
229 376
0 409
201 425
293 310
162 347
115 217
23 209
73 170
56 480
70 245
289 405
237 345
6 468
353 374
70 364
65 127
3 200
71 82
236 418
114 212
319 358
101 257
30 40
179 281
33 271
30 371
85 191
350 444
356 360
375 417
18 84
222 282
152 242
267 323
216 230
311 341
14 396
114 424
133 342
31 308
289 431
182 263
260 423
67 142
68 157
245 263
237 286
164 230
28 42
118 492
160 332
5 66
95 381
15 166
379 398
144 279
144 483
35 219
61 91
229 309
10 330
336 369
360 425
66 112
237 445
1 287
68 260
278 417
274 343
343 411
204 207
148 476
281 390
187 290
96 358
100 182
165 490
303 369
313 431
354 380
267 449
6 403
333 402
147 210
309 352
25 186
242 381
38 288
60 253
323 475
56 459
36 173
371 456
369 404
167 382
191 330
59 328
151 211
243 433
97 171
32 131
233 420
15 465
167 465
49 122
87 384
232 332
106 389
36 49
151 167
157 402
54 138
49 185
174 471
156 447
98 231
210 446
283 425
282 387
8 222
76 156
444 464
183 460
163 363
284 472
108 414
67 288
78 307
171 283
190 363
219 399
37 216
40 207
249 280
95 475
121 411
326 341
423 454
329 495
69 118
142 466
117 220
73 414
91 468
466 470
258 401
208 363
111 126
50 468
434 454
161 387
31 122
259 413
198 205
140 482
137 493
94 442
135 441
379 472
130 426
21 111
420 470
275 405
152 172
67 293
8 354
57 208
236 452
320 426
43 157
131 337
74 404
254 365
132 426
103 236
266 428
3 108
60 275
5 176
174 188
1 384
68 164
325 328
219 363
283 449
184 391
70 416
4 396
61 185
457 459
54 481
269 382
29 68
5 36
157 445
38 372
180 370
58 344
76 103
192 266
130 146
134 314
117 243
148 215
131 280
234 247
47 105
87 460
28 268
92 156
437 480
258 281
52 108
338 358
96 275
115 260
39 206
123 359
64 77
121 406
81 296
203 229
291 297
136 177
219 312
332 459
75 86
480 497
140 328
200 405
98 431
110 488
233 397
50 217
145 206
99 177
382 471
387 397
11 397
85 436
113 392
98 443
24 112
147 444
299 313
257 479
25 394
147 162
89 155
95 130
223 281
27 356
63 190
115 368
31 462
76 158
48 420
107 255
233 338
31 129
247 400
126 436
266 460
73 208
6 294
6 485
233 335
313 373
335 441
175 272
70 231
118 437
388 417
101 248
367 392
333 413
147 477
15 308
48 354
344 347
236 397
38 297
201 267
111 174
289 452
158 370
270 366
103 148
244 298
309 402
396 437
222 302
63 74
367 443
23 372
63 369
186 451
215 492
293 375
303 454
23 168
168 290
32 438
264 332
0 471
112 283
188 279
207 332
113 266
116 269
257 309
195 467
26 221
24 473
55 496
124 465
8 237
348 368
0 125
164 242
223 390
137 308
253 421
422 476
347 492
17 47
36 353
143 294
366 418
4 330
64 334
386 434
149 430
282 307
31 304
341 380
26 337
72 367
323 409
21 44
408 497
117 179
100 331
94 287
114 432
91 114
348 359
217 471
289 432
206 239
11 185
306 314
247 378
205 438
51 341
2 32
52 101
292 334
366 453
54 112
96 316
216 474
160 310
239 361
43 131
309 359
72 462
160 373
14 128
354 389
127 394
107 438
393 487
257 440
184 374
485 489
200 276
300 483
335 448
354 498
61 476
130 373
215 244
142 190
180 303
190 348
52 138
87 332
76 187
300 493
24 488
111 380
84 172
66 106
30 301
69 252
391 490
129 265
311 480
354 469
13 323
303 487
122 172
432 433
231 486
365 434
189 260
130 485
362 473
23 340
83 409
276 412
311 386
181 246
248 265
382 453
185 277
198 385
69 213
78 252
194 321
110 496
83 217
26 216
176 365
202 499
104 358
130 382
289 485
17 192
247 409
97 98
276 411
36 416
64 453
130 256
11 119
161 228
15 187
171 358
180 328
241 459
35 235
185 420
17 175
53 468
63 398
162 488
420 423
324 442
53 252
90 246
415 457
121 384
211 425
283 292
146 197
5 494
9 469
273 370
27 138
229 355
340 492
234 255
191 299
140 243
279 312
11 418
162 368
27 401
59 401
34 405
221 254
361 482
17 393
149 334
120 306
238 359
102 247
218 353
128 293
358 376
166 301
367 480
255 481
87 145
353 497
172 176
21 213
155 203
220 253
187 298
37 252
198 325
82 153
62 394
252 434
124 144
208 458
226 365
53 369
10 394
171 409
11 311
21 490
102 277
31 493
141 431
222 241
64 253
344 364
121 250
240 327
165 168
230 328
14 492
189 274
173 260
182 290
183 408
160 218
3 413
154 310
187 401
84 462
208 333
132 318
199 345
186 345
120 319
153 296
76 94
73 94
51 379
174 399
121 407
375 432
69 480
59 482
52 201
267 497
361 485
15 106
84 262
328 378
134 194
156 326
201 447
211 343
76 195
67 395
173 210
267 344
148 240
295 319
18 73
138 408
37 230
158 480
62 157
97 126
155 379
359 390
277 358
318 473
352 444
201 357
146 163
365 441
34 189
79 418
235 383
314 493
326 372
74 180
71 486
21 485
84 146
88 335
215 381
118 328
201 453
203 213
30 156
345 408
119 131
148 395
338 477
175 429
110 154
122 199
63 441
153 180
144 327
181 268
290 457
49 112
143 400
17 78
215 287
349 389
168 415
307 381
241 310
260 440
211 452
113 418
155 423
51 178
374 406
165 437
121 131
130 402
35 109
146 450
201 216
65 194
233 262
55 497
197 495
259 414
386 482
227 310
165 455
43 202
82 104
362 394
335 491
80 122
54 60
59 422
39 91
214 273
416 497
122 140
83 282
218 363
351 475
292 338
160 296
359 412
84 307
8 180
260 292
24 59
327 469
126 264
310 423
232 424
16 72
224 278
380 475
271 477
267 390
131 269
120 153
181 461
361 401
424 487
161 394
17 117
300 353
28 478
144 298
111 450
28 192
78 143
13 158
115 388
181 465
95 304
227 291
56 454
121 271
74 455
91 388
12 185
116 347
126 425
3 162
491 492
7 496
205 480
149 337
0 93
11 350
16 54
99 362
346 474
60 495
4 181
161 345
77 302
98 177
407 467
6 382
80 224
122 262
224 349
11 192
24 181
280 281
132 450
432 462
95 474
26 152
202 230
168 329
46 492
104 140
259 345
303 361
140 398
164 470
368 407
179 476
5 24
342 373
423 433
86 124
416 499
43 232
362 486
23 174
74 181
25 423
13 192
77 471
6 465
238 388
226 227
65 271
300 404
272 391
101 260
190 300
149 209
33 406
109 295
19 98
90 458
20 327
4 194
152 464
162 403
131 275
169 452
64 364
110 359
9 86
195 291
81 455
95 444
134 142
122 201
244 246
20 196
21 433
194 427
67 419
373 391
77 292
216 305
33 309
186 259
27 452
174 418
114 443
80 174
238 482
111 258
261 314
200 352
61 313
270 337
114 191
101 191
142 394
74 290
307 423
51 486
116 313
246 328
74 216
61 67
133 396
110 277
421 469
5 211
129 482
153 312
50 64
141 248
258 399
348 460
15 456
163 296
119 393
102 421
288 311
143 287
304 386
30 33
31 454
103 216
251 313
433 434
75 197
85 354
61 122
42 162
444 456
77 380
67 163
141 366
308 352
8 413
124 402
330 391
36 443
452 456
292 418
28 453
300 496
152 469
110 127
344 432
135 205
62 244
217 348
271 443
91 478
157 454
13 321
50 214
119 406
135 418
50 376
66 399
156 331
344 395
18 361
114 427
25 418
44 452
300 304
108 290
336 455
355 386
108 320
61 198
219 264
55 383
94 347
74 368
192 316
15 334
88 279
319 390
437 439
111 220
207 490
106 318
269 427
39 64
169 300
220 227
89 400
2 31
24 48
6 46
372 458
36 470
112 362
40 131
457 477
71 246
446 498
241 405
91 411
182 492
27 477
22 71
105 148
434 470
0 84
9 54
310 402
80 497
153 337
435 466
205 437
90 173
186 316
286 482
84 208
54 252
452 467
176 264
7 120
88 90
129 249
103 346
142 256
28 136
5 20
113 484
401 406
150 312
80 84
21 319
126 465
253 350
316 480
196 279
72 454
42 246
134 355
91 235
191 335
181 451
358 388
410 467
240 434
8 472
106 341
242 293
223 226
285 442
237 420
362 462
140 195
347 394
197 434
412 429
210 230
256 350
142 318
145 439
4 49
204 404
231 432
55 139
206 394
107 365
5 490
181 334
177 185
403 469
248 447
322 387
57 437
176 451
79 480
325 346
144 244
215 400
206 253
312 354
142 213
254 368
15 412
11 339
57 274
81 424
91 474
204 343
24 140
65 86
274 434
257 368
66 349
118 484
28 237
63 400
295 380
358 491
193 244
231 384
123 492
382 462
116 368
149 328
39 157
163 484
253 499
408 410
197 240
75 468
183 195
96 332
382 432
414 458
428 493
332 466
91 355
135 159
31 391
333 360
85 356
4 16
193 384
168 419
195 430
88 402
42 445
201 207
57 103
154 373
10 34
301 325
195 495
86 138
15 174
217 490
91 314
168 460
113 222
427 443
16 222
180 354
302 421
122 163
121 270
88 441
288 296
3 443
71 365
19 357
6 154
135 139
132 353
126 440
311 462
220 453
78 423
315 342
55 466
214 482
37 251
426 496
11 434
142 426
46 476
150 249
193 435
47 223
99 175
139 248
1 374
1 165
120 349
350 440
65 151
146 365
197 480
35 384
129 408
80 493
144 340
45 471
2 63
195 297
156 208
52 490
104 159
74 435
311 425
11 465
59 492
80 436
383 390
105 432
59 111
88 488
58 480
318 416
236 482
66 313
152 222
83 327
46 274
300 410
94 216
8 241
12 274
226 495
43 323
324 487
72 90
274 367
220 324
364 491
238 407
85 242
101 239
31 183
400 429
288 293
109 121
47 303
219 293
362 401
148 322
166 318
86 421
155 470
277 327
128 450
333 370
118 349
408 462
112 245
69 70
95 297
93 413
329 439
138 497
147 413
173 254
230 333
281 416
163 356
85 189
234 236
209 299
55 249
92 268
66 168
162 265
379 419
280 439
210 407
333 393
78 92
110 373
127 471
59 318
178 308
266 332
171 286
203 228
216 250
113 161
141 255
107 176
423 470
288 483
374 485
74 332
294 470
296 369
56 401
290 306
289 402
148 455
97 301
9 251
334 405
165 348
84 283
266 467
113 260
152 250
115 319
145 407
37 199
134 305
294 363
31 293
172 276
28 48
42 423
330 410
5 70
127 428
127 141
198 311
267 454
232 374
43 221
420 421
0 381
322 381
114 267
137 478
25 153
71 203
246 456
310 320
119 392
110 207
277 497
9 330
279 424
100 493
142 233
159 292
214 405
272 366
84 325
261 413
134 332
179 349
141 142
297 446
334 352
133 159
248 286
284 409
228 486
117 151
78 461
199 288
412 428
143 407
80 243
233 361
284 354
176 491
386 445
178 195
89 207
449 483
0 308
277 388
73 393
18 367
374 498
457 470
188 404
53 492
7 312
110 402
290 394
244 386
255 290
232 282
57 394
164 267
189 237
19 470
22 322
203 279
136 489
363 393
43 476
345 394
115 458
391 409
319 400
50 299
69 166
430 478
68 149
263 362
192 442
17 376
96 153
305 327
5 167
212 311
71 151
50 230
288 332
290 459
119 277
392 409
257 372
217 442
16 365
349 449
42 299
303 489
39 164
380 447
70 107
193 242
264 273
23 84
49 261
279 363
5 111
30 373
76 173
186 386
199 389
231 237
143 202
221 272
91 375
18 267
27 297
299 350
248 416
122 308
365 468
404 441
421 425
42 102
87 220
44 304
73 435
92 450
405 420
173 192
150 437
271 348
236 453
6 470
16 31
45 356
0 402
151 371
53 348
195 349
257 275
229 498
227 367
27 479
274 407
47 492
119 429
40 42
31 247
7 22
187 446
312 448
106 440
10 197
7 91
112 317
312 392
395 423
342 413
4 272
56 373
26 264
90 283
198 485
357 389
161 244
271 327
73 146
55 333
22 96
44 157
116 394
213 239
67 77
163 450
23 342
100 319
428 437
121 388
239 439
225 298
102 293
173 309
307 363
152 182
234 483
188 239
286 431
451 478
359 497
54 102
84 180
4 95
103 406
166 378
142 163
22 125
426 499
376 467
233 428
365 414
143 274
280 413
209 315
339 377
269 363
380 451
48 495
41 361
6 62
132 340
41 239
320 387
2 9
297 493
266 326
56 264
41 369
304 397
93 487
65 153
297 382
206 216
346 426
448 462
7 56
50 141
39 278
25 40
171 216
41 138
296 341
80 377
55 355
247 461
131 157
173 466
85 397
322 370
352 400
442 450
23 49
160 435
372 412
192 436
36 339
59 154
35 91
68 499
24 342
42 459
95 451
130 327
49 287
157 477
33 259
336 477
17 26
4 273
153 255
188 394
142 419
20 462
144 460
249 392
207 238
15 71
53 105
360 488
168 311
311 338
119 383
226 456
177 254
6 273
228 433
303 425
225 239
19 371
167 190
443 448
25 464
21 345
202 203
391 408
28 410
35 249
457 481
128 385
89 444
26 301
109 182
318 485
75 305
107 422
239 247
143 268
129 236
461 488
96 411
35 193
89 154
119 495
118 346
80 400
301 335
415 472
46 438
356 368
71 450
282 421
2 83
176 181
230 298
136 402
15 401
243 271
201 417
151 458
90 259
323 346
260 334
63 430
322 353
79 321
401 462
23 399
220 276
143 200
200 383
348 447
91 143
86 339
15 47
137 196
34 39
407 466
13 157
32 414
105 477
83 177
131 466
198 355
336 461
69 230
139 163
54 380
2 20
127 316
372 417
74 303
53 354
93 274
55 104
288 477
158 275
210 422
213 465
92 412
289 416
292 433
6 44
46 273
87 137
108 310
76 452
413 455
44 413
7 287
21 329
60 117
246 441
159 176
152 278
404 498
219 469
488 491
18 405
104 105
344 381
11 182
163 382
199 291
229 256
237 258
138 478
128 375
6 61
309 318
3 44
268 459
79 398
196 472
100 465
233 241
109 342
121 195
134 248
7 231
231 408
347 494
280 465
406 454
39 59
208 401
123 481
370 393
292 304
423 457
70 163
169 476
40 215
213 473
261 468
218 229
171 231
197 368
246 390
28 365
85 302
164 449
119 221
273 374
157 203
240 279
17 130
195 321
257 422
21 362
121 449
205 350
115 353
136 323
166 463
351 367
81 269
82 475
39 342
82 178
110 227
11 91
26 323
407 429
100 455
114 167
106 290
92 463
93 199
474 483
202 360
137 288
14 177
177 464
129 200
126 286
231 361
187 232
243 407
269 292
141 200
42 159
284 483
359 370
350 387
20 52
440 454
164 247
348 418
117 366
84 206
230 279
381 411
165 318
220 482
81 326
76 487
188 297
76 174
40 199
422 453
74 220
137 373
262 387
218 468
2 267
268 482
204 308
28 364
258 348
144 284
212 437
53 249
3 119
89 278
176 416
34 204
280 436
35 475
225 295
66 137
233 453
84 169
129 350
93 116
46 182
33 54
84 499
428 435
348 420
22 261
150 188
23 406
471 498
169 194
55 286
245 439
378 456
234 481
180 243
315 327
122 440
54 316
217 458
338 426
35 351
101 493
155 210
155 484
149 186
261 271
11 55
46 441
54 212
99 114
66 426
448 490
39 279
404 431
180 318
246 374
184 393
311 394
117 337
240 432
207 457
2 398
257 358
35 125
254 278
15 365
54 359
113 268
7 397
184 246
444 470
85 120
79 212
72 258
480 488
48 118
214 447
154 464
370 400
6 437
234 385
104 457
29 342
133 389
100 380
38 330
329 469
254 429
284 384
313 489
418 463
124 497
100 400
24 272
41 414
134 342
89 487
322 435
15 220
102 374
297 298
115 411
54 486
359 383
101 134
306 353
80 393
72 246
146 210
315 353
407 480
34 142
9 386
329 498
48 366
143 256
74 331
0 350
375 381
49 198
55 214
182 422
51 265
205 237
239 330
126 236
225 242
166 267
10 316
47 130
53 499
258 269
236 304
188 384
7 52
81 169
87 292
49 379
279 401
30 276
204 440
170 281
121 389
192 201
161 268
229 243
20 100
245 456
188 415
33 195
92 483
134 182
288 399
200 363
190 405
41 73
12 202
436 486
193 346
56 299
106 369
8 236
14 19
153 281
90 313
146 272
29 263
211 328
335 463
208 488
171 385
339 419
125 152
89 206
140 441
96 216
145 238
154 320
298 437
213 445
20 94
129 474
269 294
297 360
170 236
54 469
125 210
275 484
361 410
24 446
345 354
140 175
69 375
150 219
1 318
168 414
20 306
74 437
232 381
91 404
327 415
254 294
273 334
346 396
334 453
298 452
225 400
371 482
111 313
416 487
131 305
44 354
298 417
286 397
294 453
96 386
91 359
189 441
205 323
127 152
74 478
158 338
289 443
137 393
315 402
376 433
48 52
301 383
43 277
189 339
211 380
13 403
119 437
412 413
33 124
69 150
62 286
108 398
65 458
327 360
26 352
312 386
225 383
438 460
22 42
214 288
325 413
43 293
135 474
264 480
156 454
12 388
136 201
31 211
8 466
279 335
212 340
174 451
174 353
200 469
127 259
377 451
385 387
266 414
411 414
66 276
20 404
2 74
41 496
263 285
131 325
244 492
308 363
214 336
466 475
86 460
347 469
23 43
278 298
70 216
60 125
4 212
317 452
205 484
245 293
0 321
266 400
203 480
135 354
287 363
45 396
326 403
197 264
290 402
141 180
137 284
200 466
178 380
116 126
49 466
150 259
25 187
325 419
345 444
15 329
184 368
45 69
266 410
100 123
349 387
307 330
46 477
156 384
201 319
137 411
85 351
239 290
125 245
174 381
318 376
135 164
91 195
277 416
189 350
50 221
5 322
134 424
90 411
210 401
200 410
240 345
281 355
75 207
43 239
223 498
180 257
25 183
10 234
27 385
107 178
200 315
76 176
243 253
85 271
311 488
59 471
230 411
109 128
35 132
311 412
177 253
93 355
7 94
197 312
274 275
209 399
58 245
180 224
19 115
124 218
136 147
373 471
113 348
249 470
158 243
5 482
13 43
332 489
178 305
113 119
145 328
128 336
32 271
267 481
94 356
305 352
196 370
209 327
241 373
181 189
334 483
195 293
190 380
258 373
128 197
296 305
109 172
248 480
208 276
51 438
55 169
170 474
282 425
281 286
41 167
181 279
7 350
92 221
9 202
263 374
259 282
59 201
121 307
28 69
13 70
51 205
49 152
271 296
240 460
272 432
298 446
390 419
231 371
71 454
337 447
438 483
129 479
165 359
271 466
132 213
94 400
85 137
51 241
121 440
15 163
386 498
254 327
330 468
164 450
50 466
73 328
297 302
28 194
6 368
196 346
165 180
113 249
159 227
279 405
152 470
377 406
96 480
11 466
15 23
63 421
108 212
24 350
421 450
246 290
243 486
202 340
6 278
243 392
98 432
311 454
362 451
302 351
203 359
82 434
5 172
189 492
24 391
254 416
190 416
304 414
373 395
317 361
168 482
29 223
174 195
90 348
11 226
265 455
63 152
194 498
188 494
70 125
42 149
283 384
2 90
45 277
3 69
129 207
233 437
106 120
375 452
76 446
14 334
8 104
57 203
376 461
131 488
169 391
159 325
96 156
151 440
12 377
124 454
153 279
13 170
224 389
98 149
288 473
230 243
151 178
100 386
137 457
69 175
242 421
267 494
192 343
144 370
129 139
69 234
216 378
266 426
133 296
45 94
99 271
14 22
80 455
208 324
364 473
25 189
246 416
169 461
42 77
77 444
2 349
150 362
7 136
146 480
174 453
150 405
414 438
1 327
177 419
86 99
182 474
235 412
147 226
361 407
399 419
243 350
113 217
98 379
63 446
343 393
161 274
83 416
356 444
215 354
246 397
328 349
167 266
57 172
333 479
113 378
68 175
35 189
12 196
85 466
2 157
77 103
25 466
50 284
20 109
453 492
14 309
207 363
207 324
186 332
123 448
456 465
366 397
295 316
54 379
82 307
305 431
170 427
78 132
260 348
390 451
288 309
242 452
21 140
65 335
331 437
162 427
56 102
462 463
88 255
30 210
182 355
141 217
346 493
55 481
77 488
60 114
190 239
21 72
432 466
30 415
183 369
161 376
300 420
78 217
85 274
216 261
137 324
258 317
165 296
107 305
286 450
167 319
74 353
339 356
162 486
33 120
322 385
149 249
261 349
106 410
69 385
3 211
348 462
123 282
7 180
2 369
416 474
48 426
317 335
260 313
274 394
155 422
132 417
98 376
96 380
45 305
195 278
99 174
415 496
181 280
42 142
184 481
346 441
65 251
0 143
67 341
134 366
219 267
385 441
41 133
378 420
17 327
108 228
18 265
60 121
217 447
115 212
263 431
157 403
166 208
163 256
12 30
71 425
336 488
142 308
35 204
61 239
30 331
185 291
91 115
128 407
114 441
255 281
207 341
193 358
97 197
371 417
30 305
231 291
6 122
151 241
146 254
116 158
101 155
40 335
412 451
67 239
210 485
28 407
309 327
443 470
230 417
35 172
275 377
307 477
136 392
135 389
21 88
91 148
384 494
81 480
158 237
201 278
222 316
253 260
2 444
165 217
194 484
88 221
224 396
100 184
406 463
96 453
419 451
231 268
55 275
249 340
302 464
32 94
201 277
77 215
231 497
2 60
54 187
66 111
26 297
58 208
52 139
87 468
6 94
21 181
332 333
251 479
122 397
167 486
293 409
77 458
237 367
470 478
111 153
268 398
277 452
345 389
38 475
42 343
222 369
348 474
358 370
50 440
369 436
168 186
150 297
230 290
4 44
4 444
187 443
61 378
9 498
290 406
207 479
350 453
363 398
138 475
65 166
92 359
88 248
185 275
84 266
54 301
20 173
71 353
64 109
204 275
66 438
52 110
52 402
73 215
355 381
61 206
0 292
75 391
96 374
259 488
50 79
54 465
82 366
73 472
334 353
261 390
176 226
68 478
99 332
211 224
325 336
371 411
453 455
47 160
24 359
54 413
48 237
83 213
280 447
43 98
204 387
124 366
303 413
139 142
38 227
200 430
88 119
72 471
35 111
188 429
195 275
364 418
32 460
396 428
2 421
6 117
348 415
23 414
2 404
77 278
157 463
33 423
465 477
179 308
254 358
125 318
162 238
200 421
53 307
239 484
298 332
183 209
175 335
61 487
95 168
149 477
223 267
288 480
218 350
18 359
294 457
135 292
14 235
442 490
387 499
139 381
292 469
128 196
325 492
168 431
138 338
193 350
172 259
22 417
55 490
28 132
190 499
72 426
357 477
269 333
263 475
225 386
403 485
293 491
335 492
331 466
192 474
357 437
114 302
63 415
68 423
237 407
297 319
232 299
131 169
208 244
197 394
169 226
397 418
63 458
223 240
152 176
13 428
194 479
103 301
183 368
374 464
300 394
160 452
118 338
210 215
179 224
175 478
23 228
231 309
145 343
188 472
294 487
354 475
437 494
39 73
390 498
197 206
163 416
340 386
110 142
97 323
256 369
80 270
320 435
160 195
86 108
37 249
358 401
18 160
420 456
105 113
0 3
384 439
36 498
323 390
231 379
140 219
404 434
222 242
90 97
44 62
32 226
100 339
185 437
355 492
6 443
83 151
188 369
1 493
237 319
143 254
116 455
237 362
11 374
176 196
153 455
370 440
5 376
183 275
73 343
91 432
85 230
134 173
31 204
202 492
297 308
88 254
14 455
259 293
132 304
131 247
113 443
33 335
144 405
118 371
72 226
143 452
273 449
8 386
86 110
103 208
219 349
254 447
28 73
187 360
7 483
76 132
34 129
99 361
12 386
39 480
193 343
139 374
35 106
274 456
256 443
215 358
10 148
103 484
287 374
56 376
399 484
182 264
299 343
57 438
32 350
75 258
237 354
255 344
128 423
35 56
71 392
2 334
24 495
122 282
149 398
314 356
149 423
236 257
101 113
224 308
304 312
145 379
118 306
343 395
155 298
223 224
227 405
109 380
199 315
163 328
109 237
493 495
347 368
283 373
108 485
270 430
237 369
149 276
255 322
106 483
243 462
209 342
38 122
111 355
78 320
17 211
199 430
10 475
83 207
431 465
103 185
197 496
381 472
190 386
59 92
378 466
312 497
26 471
201 430
286 369
210 487
327 430
176 398
364 456
106 206
36 127
193 251
171 269
209 250
134 462
183 189
73 88
285 418
63 95
178 478
434 497
72 341
355 373
208 454
335 497
18 151
200 305
12 280
206 304
459 465
11 425
9 18
476 495
366 436
43 228
254 270
152 438
98 99
114 217
240 483
207 208
121 401
1 195
128 180
5 275
102 251
242 304
269 385
98 261
152 290
77 128
59 134
301 496
87 387
43 363
100 260
280 497
168 348
15 346
107 441
94 135
350 447
32 36
132 219
101 450
365 423
236 371
230 432
191 455
492 497
166 183
103 314
75 227
324 398
88 212
102 392
107 217
101 117
73 478
359 443
156 346
123 237
60 227
278 421
171 268
197 488
102 359
83 245
91 374
8 301
327 405
188 337
240 299
306 330
447 462
32 307
438 479
41 469
3 404
51 306
54 144
26 141
107 109
319 497
11 178
33 182
122 352
315 343
157 371
67 134
275 486
298 301
144 488
285 451
224 379
257 306
292 353
171 453
279 423
133 433
212 454
13 180
73 446
347 386
100 413
8 307
129 418
139 215
57 287
374 449
297 342
160 391
43 148
289 315
427 475
169 439
80 188
160 232
90 109
302 481
77 300
201 254
71 129
144 385
32 128
221 442
14 80
98 289
159 323
6 174
339 404
168 464
39 439
178 462
211 423
296 312
251 391
299 325
31 231
53 491
37 273
311 340
33 433
454 482
27 446
97 499
55 495
88 476
93 189
19 245
36 179
126 327
294 362
107 185
61 336
70 309
83 103
278 289
42 133
250 295
275 472
3 221
228 341
110 449
397 426
66 252
110 323
371 444
0 48
109 202
159 480
102 263
31 367
73 158
336 450
93 462
45 178
136 234
151 422
253 329
81 467
8 148
147 438
172 266
159 484
5 398
147 191
198 200
127 235
316 494
167 354
145 218
322 408
68 433
461 473
81 260
19 96
97 401
86 475
21 74
333 339
324 352
175 181
86 298
269 281
199 285
28 417
165 279
110 443
213 233
161 358
100 371
220 293
129 406
197 360
165 285
245 412
240 435
49 362
4 43
268 318
38 324
57 439
279 478
220 283
218 273
356 381
49 233
267 479
452 488
186 421
374 488
18 454
22 62
56 71
113 274
45 487
58 340
95 448
199 394
92 388
250 435
244 292
105 482
26 333
195 254
93 133
50 354
391 396
148 413
123 189
4 94
120 324
160 244
216 403
33 108
103 370
188 326
43 319
115 164
228 485
188 198
17 124
351 391
40 380
234 383
108 425
317 440
57 491
15 387
134 169
43 298
199 365
365 432
199 276
138 362
71 240
186 213
3 113
357 476
35 186
106 301
140 384
321 424
85 140
124 194
255 444
292 308
132 322
40 438
301 491
26 423
235 282
264 454
58 81
294 482
83 379
79 297
87 241
48 103
17 316
155 459
219 382
149 314
181 219
127 479
382 419
89 384
0 210
43 201
38 312
97 299
89 231
49 309
51 400
160 484
246 337
300 426
293 313
311 493
1 391
247 314
34 146
77 494
134 146
131 213
369 462
159 164
37 224
368 398
49 281
306 413
32 488
258 418
30 319
53 132
94 439
296 397
19 78
94 170
319 372
13 400
100 303
22 318
124 272
89 438
291 319
93 398
269 435
335 347
46 317
256 425
4 395
309 422
290 336
33 371
335 443
303 464
150 489
164 438
23 191
100 149
402 428
89 186
157 324
171 225
22 205
16 93
438 454
60 481
392 461
78 418
248 301
83 458
82 120
364 410
146 291
477 484
20 320
91 212
42 134
252 433
56 447
13 360
175 215
72 433
71 277
272 490
82 254
424 463
142 175
86 353
39 75
220 442
167 205
149 278
57 283
181 426
105 300
0 92
1 105
22 419
257 261
206 210
40 442
415 498
196 322
109 306
302 422
387 411
4 5
78 218
9 479
310 416
157 330
142 188
144 268
192 360
302 392
52 63
424 460
67 164
322 406
240 254
15 407
363 400
243 297
109 351
64 227
144 167
106 317
22 384
270 401
78 405
5 387
56 486
53 325
12 444
121 381
98 423
236 423
295 365
110 216
337 475
121 272
42 311
67 314
294 488
57 382
50 378
164 475
202 484
342 410
2 355
54 361
346 463
15 32
183 399
80 484
363 434
211 272
332 457
37 81
257 439
203 334
109 174
70 111
5 154
391 404
1 73
31 374
237 433
218 412
206 365
127 326
304 410
155 258
89 454
12 496
222 488
287 357
176 324
206 218
9 269
130 483
83 463
291 377
162 262
126 216
61 452
227 360
5 394
409 490
242 272
180 269
224 268
364 398
87 445
96 390
256 441
321 400
270 414
128 404
316 415
271 366
91 188
92 236
178 424
170 290
423 446
321 344
73 300
296 445
300 310
212 479
132 282
82 165
148 247
409 433
54 475
33 345
153 249
35 116
20 277
220 410
282 370
66 375
58 264
42 283
89 469
85 362
360 448
109 208
146 225
206 496
214 461
354 398
39 137
277 479
52 254
132 490
329 386
286 380
300 323
64 66
168 367
20 308
130 418
5 214
119 192
79 191
130 471
123 338
92 115
121 323
122 429
69 401
424 499
370 497
135 462
41 117
49 257
138 491
343 460
286 492
114 305
35 350
256 295
136 291
189 413
30 32
90 243
170 197
67 410
445 456
54 445
112 184
143 168
101 474
375 470
115 308
73 274
203 455
171 272
408 438
326 488
127 229
65 139
29 148
212 275
99 263
251 459
24 138
167 302
247 396
96 187
271 289
63 315
172 464
220 269
63 128
79 358
211 362
88 262
109 203
390 490
294 443
125 298
34 178
34 123
53 124
4 450
166 495
153 457
46 160
441 479
103 186
346 470
86 334
149 318
404 424
104 422
181 489
9 140
234 482
40 367
239 391
165 402
326 368
46 486
173 497
476 498
253 452
9 352
19 404
111 399
43 211
318 356
303 476
38 90
127 311
176 479
148 221
276 484
13 388
226 351
256 333
290 304
318 386
271 304
295 332
291 469
16 117
129 233
20 60
150 343
51 342
50 167
87 282
186 443
182 480
14 356
322 426
256 429
354 378
424 456
68 169
166 381
144 169
4 430
91 258
88 495
202 264
91 206
332 442
334 390
179 259
384 431
56 244
161 402
423 485
90 463
11 369
248 348
162 400
244 255
67 371
301 396
320 452
117 129
113 367
139 225
172 474
122 457
4 202
227 451
100 321
442 454
196 374
50 337
15 489
15 467
195 201
21 69
440 476
293 378
73 333
168 429
96 478
129 206
410 452
238 270
411 481
77 196
198 303
54 286
92 316
95 351
253 408
40 74
47 301
179 376
108 326
136 465
363 364
403 491
155 309
33 40
156 424
369 497
276 408
223 291
16 129
76 204
143 411
54 277
69 346
3 276
48 101
290 428
200 246
15 276
50 62
84 323
65 294
78 415
235 392
53 86
52 255
138 334
16 457
213 453
167 455
240 495
41 132
56 314
361 470
490 499
135 277
251 416
205 419
4 274
261 457
142 469
32 247
148 179
41 181
63 352
33 461
135 196
99 125
190 357
395 426
133 385
305 403
156 408
231 242
154 224
51 66
233 259
62 367
285 470
92 269
15 454
158 491
26 366
44 322
201 259
324 335
109 366
288 338
187 316
128 295
52 113
92 344
296 383
156 339
220 429
118 421
13 459
51 441
10 89
244 423
193 306
79 421
155 340
143 272
185 311
159 226
405 465
15 302
34 420
187 300
168 314
152 210
292 440
49 130
14 218
61 442
244 260
294 405
31 354
219 421
206 416
258 499
10 450
214 471
67 428
449 493
49 392
37 158
15 497
14 302
175 264
431 458
21 31
288 388
449 496
28 455
460 475
61 261
106 450
170 485
65 484
178 312
179 439
229 245
80 462
395 425
408 434
136 225
14 477
66 282
169 316
101 327
123 153
280 293
232 472
261 346
102 208
365 369
140 191
104 157
118 275
152 287
459 476
106 291
99 404
284 462
105 315
271 403
440 448
198 301
21 493
183 349
2 493
21 450
281 324
94 303
15 495
410 419
28 281
38 154
48 91
17 251
96 402
100 399
150 316
203 387
17 213
153 300
65 240
16 292
263 443
190 195
83 428
253 406
119 197
339 388
90 169
100 205
64 248
232 283
136 427
18 201
53 89
25 89
400 462
115 425
25 333
27 346
2 245
93 452
11 36
255 488
168 286
28 244
120 387
172 427
42 191
165 315
125 479
114 391
29 398
193 480
84 184
41 327
237 421
70 378
199 456
81 308
309 401
146 220
232 310
108 230
98 362
194 352
234 282
249 463
102 318
42 391
267 347
114 182
115 336
243 331
436 441
188 245
169 477
153 195
10 266
112 480
77 250
38 499
43 79
3 416
16 438
17 371
92 161
334 445
339 343
291 327
45 393
334 469
186 298
113 358
27 183
93 220
298 315
180 333
234 420
127 301
47 281
102 332
289 423
59 166
133 420
110 285
197 221
336 411
47 410
309 423
218 300
312 380
447 478
80 81
97 209
53 197
334 461
294 489
290 378
129 208
122 198
120 247
54 152
67 303
24 146
240 467
28 40
59 385
166 435
168 487
174 296
253 386
228 499
77 361
240 375
342 343
419 493
112 218
61 304
434 482
299 497
253 379
127 236
212 361
108 134
377 390
227 240
177 286
21 311
48 278
80 357
84 141
71 270
161 296
75 249
226 236
115 261
95 300
29 192
31 225
25 425
55 290
86 462
79 182
16 378
110 378
0 173
413 453
53 206
139 492
74 262
43 54
253 433
327 414
78 325
340 444
144 288
354 407
97 418
19 495
177 259
87 458
36 341
154 435
256 297
444 477
106 419
449 450
308 445
401 417
254 409
265 441
81 247
129 370
273 481
30 173
362 419
77 142
213 263
2 299
315 444
113 477
117 475
262 409
354 403
77 85
253 466
233 282
208 351
73 221
55 454
4 459
141 388
33 77
113 224
336 465
314 365
78 429
214 499
169 345
142 250
109 212
120 456
139 412
192 468
158 165
108 185
148 339
290 463
242 358
175 279
132 326
296 429
86 319
17 131
23 324
181 209
11 24
103 231
202 210
363 489
123 407
86 446
118 133
411 476
20 295
43 290
260 416
282 347
219 390
255 362
113 291
219 313
327 454
177 221
79 207
309 398
76 265
116 344
267 422
36 115
336 372
45 177
234 362
182 213
8 135
5 466
88 239
283 418
209 333
21 145
142 333
88 303
12 273
173 477
42 249
95 379
410 476
42 306
61 146
128 368
222 466
190 494
202 290
158 392
46 91
239 261
212 349
48 470
238 491
85 228
88 316
75 493
227 427
220 393
200 477
122 155
227 488
6 139
187 468
242 386
71 221
171 390
34 134
150 237
173 318
227 467
113 283
262 307
186 358
72 168
268 478
45 217
389 442
121 312
112 252
399 442
28 467
72 413
62 214
87 214
141 235
95 100
367 413
17 264
98 141
193 429
218 375
355 474
143 412
364 478
294 475
329 467
323 381
234 269
71 148
138 438
349 486
228 244
209 415
71 434
210 335
75 213
52 449
297 479
288 336
1 141
207 451
114 375
76 475
201 395
158 171
330 397
95 261
182 356
205 251
10 221
208 221
56 424
152 396
156 222
179 407
458 497
253 286
373 403
13 415
365 372
117 344
34 453
157 443
65 266
22 458
55 112
451 481
4 145
67 130
104 295
15 450
94 277
166 205
268 484
298 431
45 413
415 435
174 319
162 203
231 396
83 152
108 448
100 376
211 280
85 463
174 481
135 471
331 395
107 281
107 231
157 396
60 183
335 474
241 261
114 288
82 169
83 260
124 321
222 483
171 259
218 488
197 422
136 474
201 458
96 489
314 345
89 373
241 262
138 260
203 226
111 119
6 158
230 234
121 291
224 432
115 300
327 489
453 491
302 327
301 405
269 349
391 441
63 442
358 410
268 319
7 51
136 398
411 471
189 403
187 403
259 418
462 478
60 454
145 232
355 408
88 467
24 406
45 372
64 290
291 344
259 388
31 439
97 158
40 146
443 457
226 242
168 480
139 335
268 395
81 305
256 268
99 243
7 474
381 407
292 421
184 278
349 405
323 414
212 449
73 383
214 241
51 437
88 409
219 413
280 309
70 291
405 406
234 455
240 414
45 324
263 451
281 352
296 466
41 462
40 145
13 256
155 322
13 495
95 329
165 181
111 469
79 164
9 230
225 283
157 219
232 467
133 317
304 327
166 329
329 361
182 197
260 473
40 474
386 474
241 385
402 470
205 386
177 294
3 183
215 252
372 373
116 334
64 349
221 423
377 497
164 423
139 276
12 334
250 493
219 412
10 277
258 320
281 317
52 384
73 113
51 427
418 422
367 410
73 143
240 282
473 499
3 56
5 18
247 484
110 291
110 478
314 326
205 376
53 366
120 274
66 184
62 249
194 463
47 95
70 110
94 113
180 284
148 425
110 246
56 96
305 489
376 383
309 495
78 440
364 476
143 273
147 434
332 380
190 377
237 488
379 496
289 450
20 494
63 266
78 138
238 483
72 436
46 356
282 487
4 458
220 244
192 241
8 379
226 233
107 162
17 93
188 402
360 441
123 478
268 302
13 66
255 287
68 168
150 257
257 276
109 154
341 405
204 218
260 372
148 299
335 404
285 415
47 133
149 445
50 347
214 353
220 476
242 470
129 319
269 424
14 105
216 397
23 303
189 415
245 370
71 93
33 339
311 434
254 297
93 270
94 315
59 383
197 281
77 491
130 329
396 404
315 473
190 365
215 296
87 412
103 415
286 307
57 241
145 365
216 330
242 397
37 218
58 180
316 440
313 324
397 434
43 63
185 187
238 355
200 447
100 456
148 473
213 458
129 260
237 302
52 291
107 497
201 348
403 489
354 481
95 409
8 481
351 399
322 480
146 320
24 368
166 446
239 364
31 108
228 435
56 445
41 115
176 193
254 435
160 416
217 280
427 490
322 371
2 312
244 310
53 232
58 178
188 311
176 232
232 399
143 497
357 380
109 347
157 290
246 470
353 413
254 266
56 134
55 85
158 359
225 286
123 124
312 416
143 480
6 64
31 450
394 431
4 119
329 373
49 256
202 345
167 254
179 299
70 403
219 256
245 480
38 86
6 415
106 480
58 481
175 448
17 254
33 462
146 283
272 355
307 410
109 142
74 189
100 239
74 442
50 258
140 173
295 326
259 415
159 283
384 456
228 324
150 247
41 470
5 152
174 372
165 272
389 427
290 310
161 346
321 486
186 383
236 378
352 356
156 348
338 476
133 333
94 240
89 161
186 420
135 226
29 110
98 282
94 361
455 460
241 429
370 479
381 441
115 154
178 419
365 450
29 95
39 166
164 311
100 223
38 217
13 160
147 171
22 400
27 169
52 448
158 305
94 379
69 422
113 114
99 418
140 453
70 200
231 257
32 153
45 110
144 155
65 433
43 451
283 471
133 393
169 438
136 166
182 437
19 464
268 299
253 454
261 296
121 205
13 175
124 268
291 389
240 355
429 473
285 332
201 491
84 276
245 274
148 494
56 460
198 464
264 401
114 187
167 186
67 133
362 459
26 396
157 328
73 458
192 229
225 256
25 155
23 401
238 338
109 303
59 171
62 125
29 204
41 396
461 470
186 280
37 491
237 467
375 479
49 147
34 132
56 129
125 482
112 357
105 157
219 439
154 482
307 408
171 392
87 256
177 337
40 234
219 235
116 167
72 345
178 468
282 410
431 470
5 257
129 377
266 427
265 421
14 304
221 229
102 330
226 268
120 406
320 340
287 456
244 348
202 236
97 240
27 48
15 486
365 493
88 307
100 168
121 283
198 285
85 385
77 78
73 450
11 412
171 212
6 454
67 322
80 203
250 471
42 215
279 359
104 240
239 493
206 335
125 366
121 249
213 450
275 357
263 483
161 196
165 460
15 189
84 298
207 466
21 32
31 368
57 205
193 209
185 381
145 353
116 345
15 79
224 236
49 123
191 315
218 318
140 286
120 213
238 363
13 152
452 499
14 32
38 453
83 233
222 370
280 454
120 166
125 224
110 161
259 281
89 383
40 66
160 390
102 486
130 132
283 357
140 435
100 460
388 487
246 354
42 201
345 355
128 427
242 303
0 296
280 428
21 66
231 452
258 272
37 40
164 200
175 474
174 176
315 415
150 156
119 405
40 419
84 496
137 325
92 194
29 341
69 222
9 253
221 412
413 443
241 359
113 265
48 243
55 413
309 380
58 349
264 305
260 477
169 351
219 290
49 176
251 355
81 408
71 374
68 180
174 465
33 405
166 174
68 242
160 478
159 208
306 433
324 495
27 315
15 294
155 231
83 108
395 422
380 463
119 249
366 403
142 473
82 93
66 132
187 396
58 287
379 440
331 419
343 472
285 311
256 344
26 316
64 298
380 391
114 473
212 448
11 462
103 362
228 303
275 413
302 498
158 270
214 324
3 201
228 328
126 197
323 467
289 331
352 353
46 281
47 381
17 250
131 440
80 491
281 411
399 475
85 172
2 383
143 369
391 476
58 70
173 495
66 115
217 243
324 481
210 418
188 483
12 443
308 413
0 319
56 75
85 358
289 408
290 397
104 301
102 353
151 461
34 246
17 202
42 291
465 469
464 478
105 459
306 365
85 129
192 287
36 387
95 255
79 300
276 372
127 278
219 247
351 363
13 212
266 291
36 257
38 441
345 441
79 325
300 453
147 345
396 453
12 69
118 380
277 321
202 233
90 366
276 307
244 496
242 289
126 443
115 312
226 292
361 440
236 379
277 427
222 329
159 306
175 177
411 486
9 288
220 394
252 321
256 272
22 158
286 342
362 432
221 286
261 367
40 241
151 252
345 418
120 436
105 111
418 458
239 280
315 490
58 150
108 392
168 246
32 182
126 181
62 260
303 441
283 407
134 496
112 296
50 72
430 464
364 384
24 99
64 441
49 56
232 329
276 428
148 207
403 484
409 482
172 354
192 470
328 494
109 467
244 270
25 130
351 466
85 194
151 396
330 447
32 254
34 94
371 447
30 99
134 418
424 472
388 464
383 434
105 232
163 386
168 234
24 378
5 252
268 396
295 370
48 256
266 302
89 227
303 319
397 487
355 385
391 471
237 481
300 422
319 403
119 354
238 356
370 375
432 454
285 370
170 399
136 214
190 443
274 304
4 460
119 218
111 129
273 362
5 71
90 203
44 206
152 327
36 103
373 444
222 330
180 281
429 433
152 406
99 183
419 420
340 398
66 343
85 89
171 411
110 146
92 395
164 490
21 254
299 438
241 467
425 460
336 473
30 69
149 390
277 374
141 161
224 267
40 317
258 495
216 405
233 342
189 222
47 262
1 302
258 276
182 401
115 357
247 441
114 314
137 262
204 474
241 424
250 381
238 360
243 453
25 166
126 242
366 427
17 463
17 231
338 486
40 303
317 466
23 295
131 418
82 99
141 252
225 259
121 426
365 400
188 320
7 92
203 420
62 231
87 147
20 440
144 436
121 317
21 385
256 469
154 414
244 424
399 483
131 407
116 258
197 411
430 496
23 222
47 432
230 315
5 487
137 399
301 490
211 431
189 304
115 224
32 191
44 57
236 400
286 379
80 459
81 430
205 245
97 337
15 362
378 440
52 370
65 237
164 321
198 341
26 257
9 399
207 487
249 261
216 453
92 299
203 401
136 459
61 171
46 436
287 496
24 332
30 338
427 496
27 248
293 366
89 166
4 252
244 264
142 433
135 225
117 276
146 484
232 414
243 442
75 295
102 401
403 452
171 180
232 335
119 247
258 468
40 164
95 149
298 373
70 80
77 129
306 358
124 404
333 426
119 228
134 328
28 251
7 418
69 199
109 325
86 355
262 324
428 445
24 256
206 422
138 213
98 451
249 472
165 184
160 220
403 435
106 340
173 389
272 427
230 495
305 463
444 450
59 344
111 266
78 317
96 458
166 380
288 444
10 30
222 340
94 417
169 432
341 434
161 463
131 299
205 396
301 350
127 175
254 463
68 233
45 317
78 394
421 489
137 266
55 181
60 452
58 451
12 154
225 232
221 273
204 227
21 409
134 333
18 479
11 489
28 171
408 475
17 354
128 406
206 485
194 336
45 202
72 146
171 253
319 435
71 260
274 466
415 467
29 101
154 235
52 197
147 483
184 200
194 301
220 282
109 308
101 278
372 494
188 378
13 235
90 378
59 138
85 370
138 284
46 185
17 398
218 404
179 255
281 486
79 104
181 380
66 305
323 386
213 474
373 385
128 222
128 268
30 363
138 281
306 406
101 277
47 157
220 347
210 351
106 195
190 241
75 461
30 350
55 145
69 411
70 198
273 285
194 421
378 480
10 162
220 254
218 427
353 385
5 141
112 217
162 209
116 237
124 463
94 350
326 434
60 246
278 435
122 299
159 433
168 256
392 416
287 325
114 206
17 447
97 185
156 423
102 400
57 351
9 130
373 456
308 359
273 300
9 46
101 115
6 467
20 315
221 405
376 496
91 308
117 456
328 495
28 306
79 294
42 399
285 299
124 299
357 407
289 368
238 385
76 234
272 475
224 366
91 310
353 397
138 357
263 366
172 228
192 344
224 384
120 160
297 397
434 459
378 391
82 311
267 398
253 326
486 498
45 256
145 384
136 437
268 341
198 289
12 32
38 40
138 431
186 357
155 375
31 74
254 272
308 312
158 385
128 244
225 312
51 337
244 425
402 490
44 457
231 326
86 286
62 477
274 398
128 159
251 471
156 333
329 423
281 364
32 113
237 412
34 78
160 189
255 392
51 365
156 378
311 331
93 466
58 434
404 426
337 441
77 370
30 429
63 87
44 140
267 318
163 309
187 418
37 228
215 245
43 347
489 495
257 319
135 398
9 213
70 298
43 172
432 493
45 428
37 363
148 481
266 412
173 356
68 446
2 392
158 484
32 50
116 183
218 327
207 438
141 211
84 130
320 390
151 352
38 166
389 400
119 457
162 279
84 413
214 223
32 54
384 437
448 458
145 156
332 360
219 422
86 371
195 470
92 452
158 443
147 401
83 499
232 243
140 184
214 474
279 427
164 233
85 115
272 485
3 215
124 293
34 188
86 317
209 365
216 439
332 498
229 342
27 448
41 445
122 317
27 290
230 492
266 338
27 246
126 432
5 293
11 166
91 106
243 266
191 244
44 398
295 366
56 263
96 494
110 135
191 469
142 464
270 449
44 78
81 140
129 250
199 362
86 454
61 118
18 117
46 112
155 431
193 278
294 460
118 271
110 326
348 392
176 262
120 442
26 61
64 392
326 406
112 474
236 274
204 384
261 273
35 339
92 308
41 106
251 425
352 414
192 471
77 82
456 462
199 293
55 300
243 332
77 247
301 346
181 276
68 401
133 197
204 299
9 371
1 191
382 407
220 467
61 201
140 346
106 434
145 146
102 184
76 296
281 482
10 204
308 357
276 331
152 427
41 322
203 327
79 176
51 111
96 339
323 398
23 216
180 498
155 269
282 348
102 419
136 478
30 115
62 335
134 193
72 348
308 390
184 414
438 467
115 269
474 486
164 462
142 353
123 280
25 147
159 180
139 213
30 369
158 349
158 162
45 259
188 333
93 481
283 413
71 439
408 435
174 339
357 363
64 204
143 387
67 420
289 422
209 436
142 417
210 405
104 465
360 478
248 270
239 446
170 316
118 383
128 341
368 426
101 309
175 237
48 407
296 438
46 158
18 163
117 365
259 300
250 269
15 125
58 276
253 449
193 353
76 432
174 269
39 359
1 321
160 340
19 108
159 252
159 328
31 232
21 225
197 362
126 479
360 377
122 376
429 493
390 393
215 225
115 277
104 188
7 11
17 436
249 332
143 261
29 431
108 147
144 212
249 446
202 450
325 389
281 301
109 239
364 377
4 443
172 193
49 87
42 82
208 411
99 144
174 328
69 475
87 430
167 469
44 241
125 324
363 444
166 354
414 490
10 305
177 296
132 263
225 330
249 288
221 353
177 433
5 17
358 434
88 259
5 94
49 334
136 419
29 115
174 209
270 424
63 192
225 441
201 495
15 333
24 115
185 324
171 309
157 329
235 467
463 473
135 427
263 321
23 36
10 467
66 232
42 307
23 382
378 484
122 338
5 495
1 420
456 486
120 498
398 416
24 169
228 369
399 496
129 320
1 98
205 240
451 463
32 211
117 340
224 277
217 487
297 345
122 176
129 165
277 424
23 101
146 232
47 140
121 170
48 437
268 280
138 372
77 219
74 138
85 412
165 232
216 299
356 466
93 190
139 486
143 319
175 222
141 199
150 333
93 469
17 160
67 184
153 394
268 297
54 238
252 377
217 266
338 401
0 39
203 458
13 395
280 406
181 231
90 301
186 449
134 431
215 276
254 317
99 107
3 225
253 473
41 146
327 421
432 438
368 375
182 188
236 370
9 132
54 101
293 488
252 356
1 155
40 277
272 307
59 294
224 234
299 374
37 55
123 146
195 314
189 262
274 448
154 200
391 437
108 180
66 334
99 158
59 183
147 459
61 300
137 260
423 451
139 179
349 397
13 58
329 401
409 447
460 485
142 257
86 349
121 166
189 299
91 305
259 305
177 383
367 412
236 251
209 297
199 396
203 493
179 452
112 432
19 307
240 255
224 260
400 437
161 390
29 127
257 367
213 226
137 317
7 400
201 354
36 69
52 270
263 301
46 189
334 456
51 100
161 278
24 396
37 429
23 201
33 246
169 286
38 308
221 357
230 242
19 302
359 421
15 264
393 458
41 337
283 499
70 488
429 446
299 444
402 463
318 430
63 403
15 252
19 85
270 369
91 434
100 286
277 410
311 414
142 455
38 404
47 174
12 447
162 325
29 39
91 401
115 149
74 118
114 134
153 293
268 473
144 345
53 72
31 174
249 266
25 379
158 192
124 205
9 461
21 113
391 461
57 480
98 127
164 413
101 333
277 355
29 79
40 64
195 217
235 448
77 465
355 356
110 170
21 365
176 343
271 301
117 326
70 180
10 476
82 442
11 167
172 220
28 402
296 430
145 288
187 283
220 231
4 327
11 440
256 382
57 100
282 324
110 319
224 228
37 110
6 126
21 477
119 202
199 465
159 266
26 88
316 362
86 128
75 411
112 426
329 413
123 363
140 473
76 463
178 444
419 459
107 321
222 398
318 449
114 475
132 341
72 441
44 360
83 138
186 210
34 408
278 462
233 310
55 281
41 370
227 454
436 448
161 182
339 342
356 358
215 363
4 496
23 262
137 342
131 445
308 348
84 459
364 453
267 396
54 427
187 264
1 101
259 292
188 199
11 341
65 376
63 320
326 378
69 171
182 189
0 188
158 289
94 108
50 314
10 416
61 470
263 396
353 480
263 318
67 195
338 408
243 375
1 499
142 227
126 207
36 95
109 126
224 418
309 314
434 452
114 252
171 410
391 475
67 105
44 343
118 482
76 230
22 461
172 256
66 447
16 141
72 151
100 142
102 315
105 472
101 372
30 107
240 388
193 442
405 487
115 442
29 389
38 126
318 417
48 170
113 349
13 36
46 61
238 249
84 185
30 302
323 474
25 51
199 309
106 443
66 199
377 458
70 165
107 426
64 269
7 416
39 174
100 409
245 362
195 478
41 110
273 416
181 214
7 408
10 309
8 212
143 240
109 221
94 320
222 422
121 236
300 434
27 445
290 468
60 203
272 415
122 146
96 268
335 357
258 288
243 395
308 345
68 397
187 463
300 335
57 294
141 229
107 459
39 277
67 435
39 459
81 214
160 325
186 485
62 294
387 482
20 167
322 473
269 464
195 423
170 471
174 376
232 309
21 336
386 405
78 338
303 315
176 355
191 228
381 433
41 228
17 379
215 382
159 361
234 338
92 127
78 121
263 404
69 159
189 381
276 467
88 471
81 358
219 232
171 275
3 53
213 344
400 496
352 418
361 378
247 384
104 282
94 489
251 414
7 60
207 235
60 407
18 248
127 322
109 146
421 442
297 330
143 377
426 441
229 332
343 429
242 327
156 388
63 211
239 329
114 301
358 381
180 395
266 275
330 475
378 389
53 434
297 373
66 419
89 416
82 299
146 496
227 233
390 408
33 294
136 460
265 355
72 366
