500 2000 75
1 1 1 1 1 1 1 1 1 1 1 1 1 1 1 1 1 1 1 1 1 1 1 1 1 1 1 1 1 1 1 1 1 1 1 1 1 1 1 1 1 1 1 1 1 1 1 1 1 1 1 1 1 1 1 1 1 1 1 1 1 1 1 1 1 1 1 1 1 1 1 1 1 1 1 1 1 1 1 1 1 1 1 1 1 1 1 1 1 1 1 1 1 1 1 1 1 1 1 1 1 1 1 1 1 1 1 1 1 1 1 1 1 1 1 1 1 1 1 1 1 1 1 1 1 1 1 1 1 1 1 1 1 1 1 1 1 1 1 1 1 1 1 1 1 1 1 1 1 1 1 1 1 1 1 1 1 1 1 1 1 1 1 1 1 1 1 1 1 1 1 1 1 1 1 1 1 1 1 1 1 1 1 1 1 1 1 1 1 1 1 1 1 1 1 1 1 1 1 1 1 1 1 1 1 1 1 1 1 1 1 1 1 1 1 1 1 1 1 1 1 1 1 1 1 1 1 1 1 1 1 1 1 1 1 1 1 1 1 1 1 1 1 1 1 1 1 1 1 1 1 1 1 1 1 1 1 1 1 1 1 1 1 1 1 1 1 1 1 1 1 1 1 1 1 1 1 1 1 1 1 1 1 1 1 1 1 1 1 1 1 1 1 1 1 1 1 1 1 1 1 1 1 1 1 1 1 1 1 1 1 1 1 1 1 1 1 1 1 1 1 1 1 1 1 1 1 1 1 1 1 1 1 1 1 1 1 1 1 1 1 1 1 1 1 1 1 1 1 1 1 1 1 1 1 1 1 1 1 1 1 1 1 1 1 1 1 1 1 1 1 1 1 1 1 1 1 1 1 1 1 1 1 1 1 1 1 1 1 1 1 1 1 1 1 1 1 1 1 1 1 1 1 1 1 1 1 1 1 1 1 1 1 1 1 1 1 1 1 1 1 1 1 1 1 1 1 1 1 1 1 1 1 1 1 1 1 1 1 1 1 1 1 1 1 1 1 1 1 1 1 1 1 1 1 1 1 1 1 1 1 1 1 1 1 1 1 1 1 1 1 1 1 1 1 1 1 1 1 1 1 1 1 1 1 1 1 1 1 1 1 1 1 1 1 1 1 1 1 1 
720.604 128.996 147.609 397.184 346.215 935.604 419.775 525.024 878.239 534.879 417.887 431.268 198.903 716.255 314.111 518.634 894.712 829.774 170.661 670.858 421.687 412.376 692.185 142.978 834.791 35.1371 988.872 299.197 789.49 74.2908 908.687 903.467 130.899 84.5394 212.416 299.631 54.3092 614.324 589.716 231.784 414.642 493.567 50.9035 46.3004 515.374 30.7716 903.499 448.532 807.584 538.886 927.581 571.438 726.272 690.514 751.191 763.47 895.99 881.46 663.778 74.7182 949.54 355.955 408.729 763.157 574.106 772.966 327.318 9.99899 357.912 764.828 16.8054 831.861 997.326 473.003 932.663 464.847 755.708 209.36 711.813 173.106 27.1848 510.3 860.168 232.527 842.189 234.389 586.174 418.509 19.6286 290.47 807.298 427.483 747.375 428.954 60.8578 937.253 108.387 616.713 560.157 130.64 967.309 275.371 253.073 162.457 581.778 50.9681 240.608 205.154 829.152 759.589 70.9521 814.062 569.283 532.295 580.165 509.28 745.589 462.69 67.2685 213.521 210.964 163.043 261.055 144.12 639.821 839.806 264.033 728.284 772.406 166.241 14.9376 728.829 949.067 925.275 915.691 926.424 486.505 25.0775 926.255 369.008 963.299 355.223 135.944 13.7 948.022 334.851 177.02 503.573 809.681 282.195 582.432 242.248 905.487 430.538 798.805 127.4 599.511 952.878 434.243 863.938 892.996 544.353 788.141 49.0887 420.773 400.016 1.40162 786.376 973.81 158.598 575.137 348.342 587.247 75.6492 755.327 900.628 323.358 467.91 382.721 24.1456 318.067 561.897 973.828 685.003 427.274 220.646 880.118 782.31 270.938 299.501 528.187 185.929 733.409 444.364 569.289 811.96 69.1411 705.976 982.834 281.936 875.087 660.672 161.81 903.975 225.815 838.941 916.389 467.618 111.78 480.798 728.857 505.958 851.82 158.422 234.432 890.627 477.664 201.009 544.466 510.851 751.776 49.2517 785.511 311.018 873.049 352.769 866.742 201.071 854.261 48.2709 703.813 406.898 35.5367 969.595 260.439 227.235 345.952 513.149 782.967 446.653 143.863 554.478 974.766 203.855 546.525 809.268 356.349 534.4 745.892 314.832 862.484 480.583 189.448 555.972 989.762 276.57 262.911 921.212 57.8725 466.342 798.806 489.518 593.839 166.524 750.108 903.698 959.475 258.545 709.678 372.716 222.211 694.712 429.19 816.191 803.16 459.065 343.112 278.128 824.186 12.269 79.3085 680.339 459.125 361.656 755.107 387.748 452.952 585.768 474.53 991.459 904.781 654.036 126.516 688.428 539.089 281.404 905.497 511.089 146.413 615.689 622.873 555.504 711.411 265.285 401.473 639.42 120.338 874.636 265.033 585.993 982.435 799.862 315.153 125.156 434.159 229.376 31.9181 484.837 28.2599 306.492 859.63 515.701 453.401 498.485 10.3392 205.279 517.75 523.273 248.149 60.3896 936.932 379.468 228.672 407.296 315.062 856.617 414.173 167.647 702.175 879.392 349.639 276.195 664.438 778.86 175.545 928.196 817.018 156.837 901.661 627.295 94.4835 69.3626 376.059 604.876 972.815 196.696 632.983 57.2374 14.1232 771.826 730.361 440.348 138.525 112.788 320.633 166.608 339.369 38.0509 464.394 140.492 505.015 871.207 131.205 863.049 810.179 975.016 687.121 578.197 644.717 105.564 859.458 622.966 674.025 249.013 560.969 548.575 855.973 247.674 290.313 262.672 807.891 37.0536 767.517 976.505 744.729 183.412 199.749 493.775 27.6013 920.777 799.977 168.918 208.418 655.306 554.331 474.363 435.871 101.621 478.553 376.507 160.674 935.02 404.798 329.49 189.556 449.159 211.522 813.143 638.58 928.339 731.875 76.9416 782.4 791.189 193.058 83.2438 81.0235 892.571 531.167 576.872 207.248 847.497 262.288 900.373 787.764 784.241 177.984 686.877 787.329 531.927 740.337 261.999 217.401 846.077 177.372 982.074 860.377 704.858 758.988 744.727 278.807 92.4667 858.039 831.609 707.249 761.082 770.552 701.538 402.464 62.7782 775.122 723.514 121.646 357.097 883.145 193.235 139.216 630.042 324.814 464.769 828.307 598.982 675.297 314.01 315.451 706.661 448.241 463.533 656.573 126.371 909.403 870.212 505.196 382.654 68.7391 812.985 518.342 129.385 252.388 567.564 948.887 703.796 8.92495 558.52 322.807 860.105 822.907 429.32 256.489 614.978 
247 492
256 291
151 468
17 64
238 306
319 420
203 352
255 262
426 474
51 322
14 199
282 389
57 275
166 191
385 499
111 343
307 424
242 305
190 355
180 283
40 299
2 374
42 267
71 133
201 360
65 77
197 378
247 444
318 323
153 219
8 242
20 339
315 470
273 319
176 208
80 382
97 319
253 382
376 499
152 180
331 490
340 486
430 450
101 297
253 298
197 427
13 386
309 475
101 317
124 473
93 432
374 395
108 460
53 205
53 360
5 339
187 238
108 223
224 323
177 205
65 422
71 377
85 322
68 382
4 493
11 336
208 463
318 334
162 226
69 220
77 312
69 487
381 464
197 349
125 447
78 182
140 144
44 87
183 252
132 360
203 290
274 469
284 366
316 328
397 449
155 159
32 346
215 477
250 425
384 394
183 242
312 424
44 363
123 162
371 498
348 479
68 247
151 190
75 169
327 365
224 411
47 431
144 291
291 474
423 429
136 287
221 421
63 203
219 431
72 449
116 387
186 293
31 255
11 137
174 373
90 280
4 487
107 399
170 391
14 18
101 402
179 338
99 197
173 324
107 404
94 341
74 424
196 236
326 392
172 188
114 307
184 493
432 483
17 400
69 491
72 176
50 109
30 123
89 308
221 335
182 273
359 418
282 401
12 26
371 496
187 377
89 392
102 369
39 274
112 147
0 439
209 211
235 291
159 467
10 121
141 469
335 484
187 262
99 112
76 476
233 281
35 446
0 498
283 338
331 465
29 378
45 453
287 316
75 359
8 330
241 264
109 220
59 356
87 388
131 207
29 185
50 326
151 176
187 193
76 268
51 405
361 474
89 366
30 386
440 441
140 240
413 426
12 162
71 422
293 307
286 479
115 326
2 153
309 342
48 358
231 470
270 447
114 237
14 347
217 342
159 436
422 491
340 491
227 378
9 447
80 244
20 491
89 342
131 277
360 382
221 234
73 251
48 276
117 298
91 219
157 228
44 394
63 350
341 385
56 372
99 456
72 148
436 485
217 369
87 367
242 439
275 438
55 285
20 245
11 16
27 96
271 440
70 445
473 477
172 432
169 434
131 172
163 380
247 482
255 400
270 293
311 455
292 399
166 433
305 311
13 168
338 363
256 388
33 297
42 434
226 402
96 237
79 108
129 277
258 360
95 245
76 142
118 182
287 437
270 282
94 285
264 444
182 322
122 393
106 432
42 76
19 491
12 484
207 415
232 281
70 337
297 381
147 331
124 277
156 265
383 416
24 441
234 437
122 425
176 224
134 197
10 344
112 403
363 435
216 302
86 250
270 406
444 448
76 88
5 350
243 480
242 353
2 472
105 389
111 143
39 351
282 445
38 467
351 490
249 491
327 406
303 322
311 349
134 486
239 488
67 169
52 475
220 495
29 269
458 495
265 353
360 483
39 62
226 271
92 152
11 224
190 238
375 464
21 294
408 411
13 448
64 110
230 454
139 332
261 332
21 222
59 214
100 236
28 149
218 487
405 422
139 398
250 314
180 440
0 124
153 331
416 444
108 467
382 485
352 450
324 331
307 414
32 328
56 187
127 242
404 462
220 286
30 418
61 350
126 334
64 81
28 101
66 151
228 456
243 383
83 272
285 361
29 358
130 185
139 257
57 233
106 433
42 417
137 368
146 301
122 307
274 488
105 373
263 275
116 453
30 73
209 289
257 453
211 457
412 495
313 346
100 335
115 301
4 214
275 416
113 478
376 462
163 398
231 261
33 310
246 411
45 279
330 357
218 466
49 324
302 448
35 191
36 473
212 390
288 291
297 320
199 237
248 483
128 398
111 390
379 475
25 26
198 229
113 438
175 327
194 419
103 286
119 198
165 424
40 179
254 335
345 485
15 481
194 367
134 178
202 481
45 67
164 235
138 429
343 445
55 230
121 239
41 416
17 452
218 497
19 321
104 491
7 464
296 313
225 309
185 489
261 289
41 423
231 266
22 53
280 340
120 232
206 410
85 229
60 387
190 409
345 364
50 83
119 391
20 300
25 82
30 43
70 161
325 490
3 368
39 54
37 93
46 389
145 402
74 333
428 429
2 407
387 410
200 227
261 304
98 210
1 217
271 354
202 224
24 294
34 38
101 167
260 379
23 116
17 442
46 443
314 370
362 393
150 261
453 461
1 181
118 278
396 480
157 210
335 451
50 213
84 297
459 472
316 329
77 195
69 160
171 295
192 284
6 205
86 204
65 494
295 441
135 210
120 158
58 126
118 189
323 471
154 413
259 358
112 427
331 378
133 237
255 326
11 64
306 339
291 477
5 307
26 492
269 486
63 79
217 435
224 284
218 238
180 463
386 430
109 413
305 337
421 426
262 436
38 413
208 335
363 499
66 371
122 215
159 385
349 395
326 435
30 285
311 415
8 26
177 219
173 311
70 168
378 479
65 495
42 51
141 271
252 430
11 265
187 220
337 403
490 491
288 395
30 479
309 341
313 358
312 330
201 368
95 441
28 255
134 382
318 345
78 109
17 456
106 186
352 458
338 346
338 462
312 476
130 311
105 431
315 351
299 346
149 381
33 372
218 386
346 422
4 424
476 485
216 275
78 231
27 431
20 111
307 337
253 356
157 441
152 196
89 276
302 447
103 299
136 322
73 332
225 285
10 311
245 316
375 419
188 356
183 285
194 270
110 228
225 414
40 176
307 400
193 293
29 302
303 463
122 180
279 486
11 76
68 174
29 123
65 424
180 464
64 246
277 493
92 123
177 201
263 346
376 498
25 28
211 439
266 316
369 465
178 400
382 429
41 360
324 385
91 147
117 341
164 322
41 176
153 446
238 352
378 434
258 467
404 496
86 416
147 482
32 196
256 452
72 312
226 453
29 212
16 125
48 413
121 281
33 314
39 291
165 250
182 288
52 121
103 324
331 492
141 251
66 127
46 83
155 337
37 282
236 277
29 122
196 244
196 318
275 479
353 372
234 263
336 366
203 432
7 346
184 434
97 136
71 163
89 140
61 276
26 143
321 391
258 394
263 276
207 266
50 89
218 499
404 465
333 435
264 306
201 375
75 91
178 203
8 225
153 211
5 285
136 298
378 414
273 462
5 232
147 199
12 449
340 417
139 223
27 419
74 179
164 315
26 66
382 486
199 419
339 391
40 416
148 300
285 445
161 492
148 268
78 244
156 432
185 232
228 399
88 268
120 123
227 484
197 270
106 403
127 417
69 112
71 445
357 414
88 327
8 182
316 408
238 309
279 291
226 297
74 354
1 113
152 185
271 485
274 401
433 465
141 266
234 368
124 391
344 463
406 447
155 378
42 56
10 42
81 108
420 473
157 408
358 463
9 88
144 238
10 313
224 370
76 355
229 372
302 476
217 418
69 217
138 139
111 473
177 458
279 398
369 479
400 405
150 323
136 488
4 92
180 487
41 86
427 442
164 225
387 389
145 440
313 332
77 414
43 76
93 378
16 67
249 391
226 378
114 484
358 476
447 485
184 447
70 383
249 376
134 480
133 358
234 464
352 429
67 385
165 464
386 431
11 146
65 238
186 309
320 489
80 313
371 485
140 492
198 431
445 477
86 331
364 487
54 342
241 446
9 179
12 275
8 122
109 278
66 317
29 83
133 269
271 360
203 231
356 399
320 484
452 477
34 437
70 357
114 341
244 375
48 342
226 279
17 342
187 441
438 496
116 451
94 106
343 442
113 429
358 486
369 393
45 194
350 434
43 490
200 371
134 439
258 446
212 404
92 380
251 269
217 402
146 147
16 274
230 384
184 456
187 373
28 272
269 353
196 250
64 357
70 466
54 209
109 281
39 186
150 499
191 268
90 487
37 108
202 493
238 349
134 217
106 332
246 403
113 307
310 434
170 298
395 441
143 437
169 179
136 288
60 326
198 362
201 244
125 328
243 449
97 128
244 479
99 276
268 441
0 157
374 430
377 434
133 374
205 497
265 301
193 446
202 438
51 461
366 372
358 413
60 229
1 60
14 243
232 473
120 397
46 418
232 408
234 487
232 363
309 491
24 334
194 375
42 228
285 403
47 473
161 490
222 379
26 95
232 245
390 484
303 403
200 320
268 339
112 194
367 427
148 472
123 318
224 475
114 467
12 117
64 279
142 274
143 433
196 313
431 468
121 473
358 450
119 399
37 287
36 415
112 168
262 355
126 313
124 235
112 472
150 387
10 399
108 351
164 399
117 452
37 301
176 486
178 498
275 445
225 277
71 350
30 110
56 307
146 410
107 472
48 206
124 289
238 287
1 258
174 284
225 390
161 499
141 399
292 404
291 449
279 437
206 428
125 172
200 207
98 138
53 209
105 119
295 486
15 212
351 410
297 340
229 275
402 466
126 347
279 488
245 352
243 422
101 161
27 270
130 266
102 192
14 282
221 302
402 461
125 331
223 302
67 90
45 88
140 281
86 401
180 208
67 346
115 234
86 201
285 425
290 469
362 475
449 495
94 396
121 257
72 385
32 377
380 452
341 462
209 420
134 264
132 142
366 374
271 469
393 424
207 364
227 260
95 210
335 446
167 427
76 285
109 301
182 464
138 343
48 310
192 264
28 54
366 377
138 359
0 410
129 132
30 187
242 389
303 409
60 328
207 246
382 389
166 268
152 432
108 242
99 113
64 209
334 362
144 411
180 350
69 389
114 350
64 385
55 196
41 49
363 441
42 186
179 424
133 460
89 336
47 455
337 393
81 327
50 201
74 265
56 320
153 283
9 315
248 364
58 72
39 195
129 147
237 338
60 194
18 245
184 479
210 251
293 467
145 172
89 391
373 383
37 198
79 494
59 85
80 446
290 452
281 440
292 302
52 144
251 275
213 228
128 474
354 450
64 67
143 307
177 292
367 375
23 41
278 452
325 356
127 168
281 492
16 90
285 366
244 280
253 265
149 412
116 411
92 245
157 224
270 463
320 321
160 347
187 384
199 369
63 373
182 475
38 300
310 317
77 245
400 492
62 252
239 242
305 331
112 339
108 285
339 451
272 422
211 465
303 447
147 230
336 351
234 347
225 378
360 498
0 177
86 356
138 163
146 298
43 408
195 375
43 101
107 285
398 412
69 311
81 367
152 270
152 484
239 317
233 457
286 352
179 253
98 297
360 443
16 272
48 106
4 434
63 273
99 281
225 365
77 207
10 172
220 464
15 17
63 343
187 339
352 422
25 45
23 447
339 370
227 370
334 433
358 468
114 304
166 279
244 484
304 480
327 347
254 392
93 149
165 236
187 349
226 383
335 498
174 393
455 467
335 458
249 365
37 339
243 448
341 466
31 316
150 315
18 132
393 495
200 302
356 431
122 416
361 403
236 355
339 484
265 291
291 480
214 363
248 276
25 390
37 376
238 465
137 412
250 341
176 276
130 291
314 339
28 236
111 406
23 151
340 397
357 419
0 128
384 473
165 171
39 90
197 432
117 447
252 477
80 136
241 245
148 346
456 497
305 398
376 402
65 188
65 69
272 385
81 302
263 458
90 380
317 472
165 415
316 382
222 290
264 269
104 225
34 289
48 167
171 461
168 372
260 449
143 164
139 435
111 417
206 363
91 482
251 385
125 405
294 372
169 244
330 465
57 199
34 137
140 273
203 230
68 127
166 386
126 485
202 301
169 352
96 490
30 288
218 437
85 265
230 370
436 489
142 392
156 170
86 458
222 264
196 219
144 179
212 273
10 44
239 491
232 454
132 383
85 90
46 99
262 329
29 141
249 267
206 270
44 265
80 212
407 454
124 378
215 491
388 444
34 487
10 150
213 241
277 308
342 399
82 499
17 465
24 127
169 215
106 485
191 214
94 175
285 494
77 451
159 465
8 86
256 451
123 333
11 35
236 291
80 337
309 428
17 143
231 456
412 467
131 365
91 422
87 424
42 316
243 413
84 228
461 474
122 271
26 102
258 409
331 425
36 464
76 312
345 415
435 499
108 307
187 444
309 368
181 215
439 498
151 152
157 472
146 460
434 445
83 468
89 451
131 358
184 426
31 295
48 66
68 234
295 489
16 32
239 294
373 411
173 362
5 408
114 196
87 150
91 144
89 218
416 453
132 449
185 483
72 468
2 3
475 478
130 465
115 235
203 344
173 295
166 256
73 294
62 488
170 347
56 300
114 374
277 472
213 449
150 352
138 346
8 419
6 473
139 476
30 260
334 496
68 352
233 243
164 357
193 297
24 164
256 399
3 103
334 344
239 252
65 158
95 221
107 183
55 106
354 499
246 270
128 466
25 255
199 282
86 277
138 396
34 143
75 202
84 465
282 470
270 333
406 479
366 368
234 498
143 320
41 420
195 473
67 128
3 20
13 416
445 455
45 439
242 490
22 346
96 183
217 400
366 419
240 339
97 341
56 433
169 401
98 144
214 439
187 382
325 491
119 303
36 438
61 315
303 481
125 252
390 489
58 71
62 332
57 254
180 419
401 434
188 487
23 485
92 394
156 476
265 470
268 362
331 338
71 311
400 476
43 327
112 433
37 94
14 473
242 467
84 122
64 355
307 471
225 248
6 495
107 409
101 397
187 321
117 262
112 367
90 231
5 438
53 273
287 352
290 488
271 413
287 424
406 464
57 267
115 332
46 126
250 353
58 209
52 315
234 308
151 175
210 488
81 466
433 472
308 407
262 494
242 414
89 288
355 409
155 368
34 70
47 135
138 472
437 495
141 150
50 146
87 210
202 225
234 310
213 443
21 249
367 474
163 224
72 448
111 170
75 355
93 387
335 364
87 201
183 411
97 326
209 482
399 476
169 279
55 66
87 90
309 316
434 486
166 249
118 416
124 177
402 469
141 182
196 462
274 341
288 414
322 482
315 479
18 200
210 327
270 386
217 274
71 231
306 309
18 424
180 355
85 484
233 383
25 454
121 413
300 345
53 141
96 338
153 411
118 295
226 255
8 331
320 471
226 319
169 455
229 416
197 338
92 227
60 237
35 99
201 301
7 262
219 224
170 346
31 177
292 357
88 168
32 132
166 230
356 377
224 283
87 275
178 269
13 498
80 392
170 295
271 398
19 31
105 360
76 141
40 68
25 133
0 248
91 286
212 485
247 325
171 394
8 423
212 247
129 275
281 285
289 401
121 316
232 418
231 251
55 122
9 476
46 221
465 475
110 366
254 371
276 289
11 27
77 178
28 199
356 372
83 340
221 431
27 487
86 127
121 225
75 373
301 352
277 458
380 446
166 314
166 364
398 462
113 292
85 418
264 319
141 289
34 255
406 487
105 124
252 328
229 232
299 487
126 309
146 435
379 418
34 288
43 225
403 496
122 306
227 392
107 411
382 433
43 236
107 313
73 188
392 487
70 423
259 360
231 417
83 332
58 258
99 139
208 389
264 364
381 425
5 147
53 312
404 406
70 167
235 421
59 297
333 487
312 332
108 120
172 404
207 292
341 430
110 266
126 202
213 294
51 170
309 375
291 371
85 255
54 175
66 166
65 365
341 399
217 450
198 253
210 282
218 333
142 377
82 258
172 198
50 412
217 229
238 262
139 421
67 115
335 373
299 412
447 474
285 477
101 442
15 265
411 462
68 314
175 432
132 314
312 493
19 471
290 441
47 213
215 405
204 349
346 369
27 291
166 447
30 174
99 483
220 489
439 488
185 434
145 225
13 146
94 447
15 300
86 165
351 439
75 241
132 154
10 405
265 368
39 418
39 60
8 418
53 479
124 252
209 497
385 428
269 291
252 431
25 129
34 442
55 117
15 179
310 415
482 490
63 394
376 392
328 457
264 410
222 278
134 485
301 439
82 221
99 449
69 85
29 344
338 372
31 286
49 107
354 397
72 292
344 456
222 312
94 265
5 74
201 432
90 118
364 464
48 148
196 338
1 465
282 315
128 353
181 372
30 478
25 109
398 493
29 162
147 165
37 212
159 204
181 289
106 116
41 267
100 222
180 261
60 439
236 290
103 466
44 358
5 213
357 399
5 209
82 494
332 338
315 317
252 336
155 276
192 249
68 316
207 412
251 484
343 383
32 366
362 416
305 364
43 121
308 494
143 310
164 472
41 410
144 188
218 383
46 263
13 60
288 372
52 285
31 290
98 380
122 125
409 430
228 427
15 202
136 357
235 370
140 416
171 365
3 318
112 313
226 258
9 458
196 366
213 346
240 398
3 414
25 443
86 386
166 280
66 108
125 340
45 460
83 348
82 344
36 420
91 170
49 439
185 208
70 189
337 460
81 340
73 323
127 304
146 339
271 370
16 238
412 452
76 484
71 276
51 232
9 409
3 389
33 275
32 104
31 145
123 420
36 47
273 336
85 205
88 491
133 257
75 259
318 395
124 310
73 291
166 275
372 396
234 345
28 68
179 435
31 244
67 342
22 460
112 212
78 295
104 263
110 241
224 271
67 244
123 370
346 368
24 131
116 436
130 187
9 146
34 404
316 334
125 399
165 201
202 276
5 417
1 410
175 391
33 331
275 439
104 181
181 288
179 474
299 491
125 282
90 228
83 424
151 435
250 292
294 339
159 267
350 413
122 168
278 470
284 476
71 123
270 324
58 355
60 70
410 479
253 436
137 168
269 425
4 354
239 345
235 314
357 489
198 456
75 156
199 401
38 399
87 206
45 75
135 429
387 451
180 344
10 349
150 422
46 307
427 445
248 253
3 451
268 385
1 313
270 365
70 442
145 286
196 405
73 195
252 486
76 441
47 184
56 396
84 98
151 434
87 234
403 447
29 485
198 219
171 383
84 267
154 447
150 476
302 483
142 423
110 329
59 283
104 115
404 464
153 340
51 160
282 480
232 257
134 244
151 282
124 478
20 149
155 236
111 349
93 291
25 295
345 374
6 349
182 260
0 58
288 326
239 447
83 237
240 307
113 146
30 340
144 362
74 197
213 308
47 475
167 435
49 428
5 84
93 389
110 205
189 300
192 350
81 396
119 436
112 390
143 295
74 186
179 183
103 113
402 417
103 391
17 32
405 435
136 313
135 426
29 82
205 336
95 327
22 468
58 413
241 481
268 462
258 391
279 356
60 443
101 313
