1000 10000 150.15
3 4 1 2 1 1 1 2 2 3 3 4 2 5 1 4 3 3 1 1 5 5 2 4 5 5 1 1 1 5 1 3 5 3 4 2 4 5 1 4 5 4 2 4 1 3 5 2 2 1 1 4 2 2 3 1 3 1 3 4 1 3 4 3 1 3 4 3 5 3 5 1 1 5 2 1 5 2 4 4 5 4 4 2 2 5 3 5 4 4 1 5 3 3 3 2 5 3 1 4 2 3 5 2 5 4 1 5 4 5 1 1 5 4 1 4 4 5 4 1 1 1 1 2 5 3 3 5 1 2 3 5 3 1 5 2 5 2 5 4 3 1 1 1 1 1 2 4 3 1 1 5 3 2 2 4 1 3 5 5 2 3 4 5 1 1 1 3 4 3 2 5 3 2 3 4 4 2 1 2 4 2 4 1 2 5 1 4 3 5 2 1 4 4 5 5 1 2 4 5 5 3 5 4 2 3 4 3 5 5 2 5 1 1 1 3 1 5 5 1 1 2 1 5 2 5 3 5 5 5 3 3 4 2 3 3 1 3 3 5 2 5 3 1 4 4 1 3 4 5 1 5 2 5 4 5 3 4 2 3 4 5 4 4 5 2 4 3 2 3 3 2 4 3 5 4 1 3 2 4 5 5 4 2 2 5 3 5 3 4 3 4 3 3 2 1 2 1 5 1 5 5 4 3 1 3 2 2 3 2 5 5 2 1 1 3 4 2 2 5 3 4 2 1 3 3 1 4 3 4 1 4 2 3 4 1 2 5 5 3 5 5 5 5 1 4 4 4 4 1 4 4 2 2 4 2 4 3 4 5 2 1 5 3 5 4 5 3 3 1 2 1 1 4 1 2 5 4 4 1 3 3 5 2 2 2 4 3 1 3 2 4 2 1 3 5 2 4 3 3 5 5 1 4 3 5 2 2 1 3 1 4 5 4 4 2 5 3 5 4 1 1 1 1 3 1 1 4 2 4 3 3 3 3 5 3 5 1 4 1 4 1 3 1 5 5 4 5 1 1 1 4 5 5 4 4 5 3 2 1 1 5 1 2 5 2 5 2 3 2 5 2 3 3 5 1 4 5 1 3 2 5 3 4 3 4 2 1 3 2 3 5 3 2 2 5 5 5 5 2 1 2 2 1 4 3 5 1 4 2 3 2 1 2 4 3 3 1 3 5 5 3 5 5 3 1 1 1 3 2 5 1 5 4 5 4 4 3 1 2 3 4 3 3 1 1 4 2 5 2 2 3 4 3 1 2 3 4 4 1 1 3 5 1 4 4 3 5 4 1 3 5 5 4 4 3 2 3 4 2 5 1 4 2 4 3 5 2 2 4 2 4 4 2 2 1 1 2 1 1 4 4 1 2 2 5 4 3 2 5 3 5 4 3 1 5 1 2 3 3 1 4 1 4 4 2 4 4 4 3 2 4 5 3 4 1 5 1 2 2 1 5 2 3 3 1 2 1 3 2 2 1 4 1 5 1 3 1 4 1 3 4 1 3 2 4 4 1 5 1 5 3 3 4 4 5 2 1 5 5 4 3 4 4 2 4 4 4 3 4 1 4 5 2 1 2 2 5 3 2 1 2 4 2 3 3 5 3 2 4 2 3 2 4 5 3 4 3 4 1 3 5 4 4 3 3 5 1 3 5 3 1 5 2 4 3 5 4 5 1 5 1 2 5 1 5 5 3 2 5 3 1 5 5 3 5 3 4 2 3 1 5 2 1 1 1 4 3 4 3 4 4 4 3 4 1 2 1 3 2 3 5 2 5 4 2 5 4 2 4 3 2 2 4 2 5 2 3 3 5 5 1 3 5 3 5 2 4 4 2 1 3 5 2 4 1 2 1 4 4 4 2 4 2 3 2 2 1 4 4 4 4 1 1 3 5 1 3 3 3 1 2 2 5 5 3 4 1 3 2 5 4 4 1 3 5 5 4 1 4 3 3 3 3 5 4 3 5 1 5 1 1 3 1 4 1 2 1 4 4 2 1 4 2 4 3 3 1 4 2 2 3 2 3 5 2 4 3 5 2 2 5 1 5 3 2 5 1 3 1 3 1 4 5 5 3 4 4 3 3 1 2 1 4 3 3 5 3 3 2 1 3 1 2 3 5 1 4 3 4 1 1 2 4 1 4 2 2 1 2 2 4 1 1 1 1 4 3 2 3 5 5 4 5 1 1 3 2 5 3 3 5 3 5 2 2 2 3 2 4 1 1 5 2 2 3 3 1 5 5 5 2 3 2 3 5 2 4 2 4 
20 19 3 20 5 8 8 14 19 17 7 11 9 5 11 19 10 9 19 16 15 17 2 11 18 17 17 6 2 14 12 14 9 4 6 3 16 9 1 13 14 6 9 5 2 10 2 19 3 11 2 19 19 6 12 12 13 20 6 5 11 19 10 11 16 1 3 16 1 18 11 9 18 8 11 14 8 12 13 3 14 13 8 16 8 16 18 1 10 2 16 2 8 19 8 16 16 7 16 4 12 1 15 10 16 10 6 17 12 2 10 15 4 10 5 11 5 1 11 4 8 3 11 3 6 5 20 6 5 2 12 9 8 17 6 15 13 9 16 9 9 8 4 19 19 16 13 1 14 3 6 8 6 2 4 4 19 8 2 15 6 5 20 18 16 14 1 17 16 10 11 3 3 11 5 19 10 3 16 5 2 2 4 8 2 3 19 12 17 13 7 15 11 15 4 14 9 15 16 8 19 5 1 19 6 4 1 10 17 8 13 1 8 2 14 1 10 20 7 10 3 11 18 11 6 8 18 5 1 20 9 7 12 3 20 7 20 5 5 18 5 17 11 4 12 1 1 1 8 12 18 16 6 2 4 5 9 7 14 14 2 1 16 19 1 6 10 8 5 1 11 3 12 4 9 14 6 1 5 1 19 16 11 1 6 11 18 4 2 1 9 1 2 17 13 16 15 5 1 6 18 2 14 4 11 19 10 17 17 3 11 10 5 9 10 7 1 11 14 2 4 13 7 18 16 5 5 14 4 11 20 3 1 18 15 7 8 2 8 1 13 5 13 7 1 15 16 9 15 12 20 7 7 5 14 16 11 13 1 9 20 8 12 9 20 5 20 14 17 10 18 11 12 19 7 15 17 10 10 17 12 6 10 6 5 13 19 5 18 10 15 7 10 5 2 4 11 16 19 5 15 6 12 3 8 2 11 14 10 8 17 1 8 10 15 19 6 17 14 1 15 13 14 12 12 8 20 20 8 17 20 12 14 2 20 16 20 14 1 15 14 13 3 6 16 18 11 15 2 13 17 14 12 18 15 6 20 12 13 10 18 18 17 13 12 6 20 16 11 16 3 19 1 5 17 7 10 14 3 7 18 18 11 6 18 10 7 18 5 17 17 11 4 19 2 18 12 8 13 3 9 8 4 18 3 20 4 9 4 18 10 8 6 2 3 16 4 12 19 3 10 4 7 16 13 15 4 2 18 7 13 20 9 4 4 13 2 7 20 16 5 12 9 13 7 3 7 20 4 10 13 1 6 18 3 1 14 18 8 8 18 19 10 20 14 16 12 3 17 3 7 12 13 10 17 5 9 17 11 5 1 5 5 13 6 11 8 1 17 9 20 2 4 4 11 6 10 15 4 19 14 14 4 14 13 14 11 2 10 10 13 3 1 2 8 16 9 19 11 9 7 7 1 9 19 18 17 20 7 19 1 8 2 19 7 16 15 10 2 4 2 18 15 9 12 5 15 17 12 13 19 18 13 16 16 20 14 19 2 11 12 8 6 9 11 17 17 6 20 19 7 15 13 5 15 20 9 2 6 5 17 11 1 16 9 4 15 12 6 2 15 8 15 11 2 8 19 4 4 5 3 13 19 1 10 2 12 12 8 6 7 19 9 15 12 10 10 3 20 3 3 4 18 20 19 8 10 14 17 19 2 3 15 20 12 19 18 15 4 13 12 2 9 18 1 2 9 12 18 13 11 17 15 7 5 14 13 2 8 11 18 19 5 12 3 15 4 1 1 5 19 2 6 3 14 3 7 20 19 17 11 2 3 9 11 6 6 10 8 15 1 13 1 2 6 12 2 18 2 7 17 19 5 12 12 10 9 19 8 1 6 9 6 11 16 19 16 12 4 9 15 1 10 11 11 4 13 5 4 8 11 4 12 17 3 16 20 19 7 14 14 17 17 12 14 10 1 15 11 4 18 17 15 2 1 20 13 1 10 11 12 19 14 2 7 10 9 7 10 2 3 19 16 3 12 19 13 14 5 2 2 1 20 2 16 11 10 2 1 2 1 20 3 12 9 15 13 19 14 5 9 11 20 1 2 17 19 16 14 17 1 6 7 3 13 17 8 5 10 5 8 15 10 2 7 13 15 18 1 6 15 18 18 8 9 8 5 3 1 16 20 17 4 16 4 7 13 14 8 6 19 7 12 9 7 9 16 18 11 6 5 20 20 11 15 15 6 18 7 16 10 6 2 3 6 8 15 7 10 18 20 1 3 5 8 3 16 8 2 15 7 10 15 11 5 16 9 19 20 1 
97 467
609 819
307 858
687 732
337 474
389 578
818 836
762 895
426 632
6 607
355 888
171 514
191 719
294 387
434 518
261 807
429 536
95 815
79 759
586 802
243 850
17 975
497 967
220 662
155 493
82 163
196 601
679 694
940 942
740 824
345 956
134 310
149 361
185 489
366 534
37 302
267 423
407 796
398 880
137 292
117 233
450 741
213 748
483 648
622 827
455 576
773 998
172 434
318 386
55 694
425 480
337 921
49 240
349 944
866 874
345 974
554 677
231 857
90 584
30 707
225 867
441 623
493 986
210 823
422 453
752 832
162 799
253 577
200 327
152 375
31 325
631 764
816 990
408 563
600 729
764 875
16 849
370 390
73 246
147 522
104 584
471 780
254 593
569 574
560 603
555 885
343 411
354 779
125 590
584 734
731 936
230 441
470 776
605 683
420 612
141 198
175 220
623 681
497 928
410 580
223 400
172 938
444 661
129 844
457 727
223 661
89 763
219 983
89 216
150 853
604 690
315 360
335 925
366 490
268 298
826 861
48 738
354 681
46 277
608 635
153 336
45 228
73 874
239 288
147 734
267 701
155 373
198 957
898 973
660 717
291 692
509 519
176 627
276 963
285 598
561 941
150 242
690 812
729 909
379 558
712 728
545 837
454 912
510 603
826 978
217 804
425 491
50 532
147 398
38 459
197 512
315 690
69 72
540 880
227 915
208 237
426 675
361 438
316 838
627 671
468 584
75 934
387 565
231 597
419 718
47 595
611 718
757 969
473 980
360 680
245 535
260 318
396 822
58 199
447 725
727 946
700 867
183 380
15 341
732 744
148 405
678 788
268 509
264 896
672 685
372 390
156 819
0 395
242 917
228 761
240 771
682 988
372 801
264 927
142 525
546 809
15 862
0 285
429 498
334 832
743 751
118 820
165 404
287 611
271 510
208 993
437 948
625 958
423 622
198 604
377 865
52 708
591 985
41 844
665 826
636 790
353 956
181 610
216 468
850 882
606 924
331 885
772 972
88 503
207 465
437 588
163 306
7 368
430 830
28 611
331 546
103 772
337 399
251 946
72 600
588 870
70 406
61 316
341 540
676 684
577 725
113 182
814 835
305 969
256 528
201 566
568 644
248 272
829 931
43 974
173 883
640 797
539 729
43 579
100 341
200 368
278 798
9 190
275 592
37 636
179 745
101 952
406 717
15 154
156 800
232 897
11 694
643 944
668 842
135 642
414 440
221 852
16 449
236 749
875 901
774 869
247 452
162 234
74 821
203 409
253 716
6 431
942 963
318 828
203 626
785 857
725 917
131 491
456 495
482 782
96 343
139 959
117 121
734 782
492 653
342 478
498 547
193 990
106 537
120 743
754 943
349 670
744 905
438 720
31 351
852 911
6 772
646 745
486 684
22 753
206 773
143 146
769 896
337 875
227 682
84 718
99 480
5 28
599 977
614 888
234 731
502 697
604 707
128 451
367 996
870 956
429 689
366 890
101 132
476 557
822 829
508 542
199 519
88 902
154 644
128 186
348 408
215 770
639 700
180 976
27 533
49 247
129 306
716 946
601 670
240 506
232 916
541 678
454 935
0 875
525 584
352 938
255 756
89 350
331 747
261 467
56 359
196 636
733 764
396 520
28 893
90 545
732 974
879 888
88 653
597 632
148 683
718 729
256 817
356 654
343 831
152 871
233 699
140 721
512 779
583 649
628 827
11 423
403 747
445 544
306 577
129 688
101 473
26 518
553 983
521 641
58 328
101 548
527 898
651 835
619 855
218 451
203 395
100 193
145 966
159 834
128 889
519 608
45 714
200 577
277 536
120 351
5 936
243 959
529 848
280 796
544 960
113 142
508 556
73 861
656 739
638 862
188 826
627 680
259 307
336 415
124 584
261 382
19 87
92 604
457 871
464 633
656 779
661 829
371 940
116 814
470 722
23 188
28 546
192 229
417 512
644 937
148 437
494 560
234 428
118 252
133 250
19 632
97 709
107 876
517 746
44 694
1 216
344 996
284 500
60 897
155 176
113 244
432 693
183 544
74 601
46 954
81 212
203 659
154 836
315 789
827 856
372 401
266 329
326 942
119 714
81 160
59 532
534 801
699 846
217 689
159 617
400 420
443 810
514 819
66 727
50 581
523 799
146 643
546 990
371 952
118 472
113 390
47 936
934 959
323 552
470 569
113 820
455 564
544 822
247 275
88 801
309 936
419 585
729 810
337 777
36 274
141 752
237 255
266 839
885 950
266 572
75 490
568 834
659 854
618 984
213 803
247 250
378 563
715 789
324 490
425 761
372 572
476 831
78 258
266 848
96 688
124 418
898 997
79 141
30 784
92 609
153 387
13 763
19 181
185 385
90 949
629 895
805 842
380 586
213 260
438 895
111 431
135 760
485 608
639 820
173 369
351 668
287 972
356 380
10 767
47 774
394 430
105 383
312 768
709 818
811 885
79 813
469 844
124 620
151 369
409 855
229 238
501 792
75 716
350 432
862 952
91 506
313 591
15 271
504 870
676 875
328 354
475 547
358 905
761 966
661 887
325 782
368 832
100 448
522 737
259 332
64 601
164 184
29 733
795 900
99 849
748 945
449 641
15 290
10 883
208 499
358 717
16 808
282 932
455 838
491 924
252 589
805 913
382 564
6 67
117 235
629 638
249 467
135 158
631 632
580 643
160 586
81 644
197 991
81 485
554 786
120 918
93 498
520 610
353 779
144 199
145 801
259 623
27 440
266 501
797 839
78 383
164 345
426 662
78 775
60 200
531 581
237 560
125 945
88 914
528 695
252 278
367 389
123 491
456 460
50 679
66 554
424 972
284 375
346 847
385 439
251 458
104 352
547 789
118 746
226 508
753 956
334 388
644 945
26 364
550 826
125 451
312 530
303 342
280 890
387 663
262 477
44 123
77 922
339 838
53 727
141 192
48 350
236 523
709 978
258 858
766 912
359 909
417 964
185 341
121 656
34 634
274 472
477 705
181 658
18 601
91 197
67 754
32 543
871 929
130 716
25 502
173 333
255 981
436 797
922 975
968 987
63 233
464 894
470 566
299 973
276 910
537 952
92 178
751 958
465 963
65 821
75 453
55 446
314 778
507 785
431 955
624 868
217 256
76 519
331 652
370 933
299 764
276 723
827 851
273 624
51 692
311 707
334 562
9 930
698 928
382 713
310 411
173 652
379 659
292 717
70 575
460 644
312 728
279 923
281 737
455 705
190 766
18 356
286 924
289 657
294 907
146 414
25 110
402 576
103 692
282 792
505 851
114 973
10 565
185 374
294 878
487 989
538 866
52 479
14 418
147 571
297 359
394 904
308 365
700 891
748 787
162 583
123 508
147 708
190 720
236 876
506 899
697 965
471 985
187 860
380 685
741 796
305 961
267 970
57 165
407 859
672 962
554 616
348 410
94 729
499 645
338 512
72 793
630 666
394 839
306 594
102 982
179 861
124 305
415 758
524 929
605 711
122 970
193 864
321 535
314 637
238 323
202 482
46 833
362 974
144 300
29 222
470 675
95 932
771 814
844 988
947 998
102 880
137 312
883 900
247 478
32 144
620 886
775 852
21 176
788 815
70 760
435 958
454 650
158 433
245 344
301 503
157 933
69 781
722 824
319 918
375 847
403 770
397 830
24 619
20 867
557 721
593 701
96 724
358 892
714 968
42 378
571 791
412 709
214 894
107 270
497 818
239 800
325 984
2 310
637 954
80 364
492 879
57 328
122 975
313 638
532 735
464 481
167 757
667 919
481 937
526 777
596 662
11 951
437 840
199 667
629 648
502 552
365 427
321 895
52 487
86 213
195 966
199 289
3 275
201 877
598 702
304 615
108 726
98 347
62 883
115 841
254 273
98 830
68 78
647 844
540 710
445 691
228 413
127 647
118 621
168 549
801 983
122 283
164 174
515 968
12 820
405 551
495 599
383 769
4 698
721 939
773 923
175 365
462 664
293 457
191 684
722 730
322 939
39 440
483 860
70 587
52 340
317 433
94 845
74 873
257 472
678 696
125 669
183 630
114 421
687 773
205 867
596 673
71 486
376 847
701 999
497 516
459 554
227 269
279 872
665 674
708 995
194 695
214 248
706 912
204 500
330 880
58 357
488 757
45 549
43 210
591 992
276 295
263 626
189 326
112 604
33 527
730 863
195 841
625 906
109 638
652 655
296 826
161 966
593 794
51 582
442 640
414 634
484 565
198 843
81 570
619 903
177 650
8 737
726 792
479 511
393 777
76 750
673 765
268 559
304 787
865 925
180 670
136 226
275 755
381 386
54 450
462 793
291 806
83 368
320 494
516 825
265 761
150 335
35 763
363 762
497 736
160 241
427 573
224 417
421 908
85 685
461 627
478 953
59 384
211 380
383 392
58 513
567 864
463 791
255 971
263 391
166 224
545 881
631 703
47 561
466 778
613 738
717 994
879 979
4 170
138 834
494 742
235 496
40 778
247 920
169 223
126 785
416 468
680 926
686 721
3 783
814 884
602 681
132 704
209 285
150 368
90 820
331 595
152 727
525 807
156 244
92 124
164 937
343 514
164 762
101 104
748 828
946 990
208 266
918 937
58 504
67 875
491 586
509 609
882 991
514 659
150 432
66 182
276 517
359 945
152 473
457 653
396 715
258 738
339 709
472 532
680 924
390 612
285 924
60 800
183 298
212 675
250 620
653 950
607 748
493 738
608 901
192 856
131 687
230 729
725 869
250 680
144 738
499 558
182 796
192 267
507 857
117 856
22 893
369 441
315 895
46 133
131 924
48 491
43 585
121 869
328 445
120 539
585 622
748 940
429 584
78 767
452 981
103 228
505 548
65 734
499 668
234 583
359 772
28 370
252 540
258 802
456 832
199 509
133 533
82 448
739 764
45 307
333 849
81 560
544 784
328 960
142 491
348 961
333 749
297 509
27 898
443 681
198 787
456 457
828 874
207 492
426 639
30 130
261 952
300 936
529 656
798 936
495 962
405 495
284 399
585 990
153 859
417 938
160 266
525 545
342 716
162 958
548 751
284 586
143 580
885 973
52 862
22 757
185 795
75 814
18 569
307 833
104 784
201 890
55 510
78 910
240 782
474 503
184 240
665 754
475 717
529 646
541 758
190 258
590 946
728 754
280 572
329 444
594 898
21 260
833 954
493 901
196 665
53 762
530 695
281 489
301 675
325 734
581 724
51 826
369 837
759 934
188 605
217 278
43 326
137 232
785 959
21 132
382 822
148 422
753 790
598 958
118 949
70 565
337 539
63 895
212 978
152 292
661 991
574 982
454 749
266 708
477 910
342 766
354 403
30 60
45 472
234 895
247 603
343 407
144 658
671 800
268 852
76 382
236 445
18 247
688 850
152 887
910 933
803 962
603 795
249 531
429 739
37 541
698 911
261 723
375 632
415 493
172 776
299 824
301 642
203 321
900 954
595 834
214 244
288 590
63 454
73 802
399 938
76 905
53 59
355 955
528 608
123 229
867 879
106 367
252 878
397 775
266 774
671 968
69 291
585 648
503 804
270 628
147 637
697 885
50 724
652 709
300 718
153 396
360 432
275 639
401 702
94 715
475 811
428 475
444 895
344 521
48 624
81 472
454 621
149 813
178 862
184 880
107 410
182 324
311 684
637 804
505 579
182 389
387 396
428 521
17 238
243 343
156 424
234 361
468 981
158 752
798 800
142 208
91 542
118 540
297 960
351 670
599 876
435 647
313 406
262 268
2 617
428 495
605 836
408 889
519 721
133 878
722 913
256 553
82 987
522 814
150 301
121 531
122 326
332 604
622 658
476 672
660 921
645 711
413 914
325 933
250 682
266 909
353 422
160 855
291 826
113 624
846 896
387 458
713 885
819 960
30 505
781 809
299 337
270 687
359 467
154 761
682 814
507 795
10 358
239 830
187 776
785 938
701 756
417 850
470 930
493 853
636 720
709 955
810 940
432 853
640 973
199 710
176 646
100 909
452 793
403 685
398 702
682 745
72 410
398 651
344 508
315 910
116 922
325 435
240 818
9 991
72 518
217 988
802 938
507 824
148 771
411 715
603 793
130 932
228 254
428 661
506 975
595 781
86 810
148 339
262 448
743 898
256 832
167 203
101 366
191 915
28 741
38 293
216 822
636 747
256 644
652 930
487 759
479 491
711 887
105 198
167 419
184 811
236 911
182 223
179 565
147 453
107 339
167 313
520 626
706 980
188 575
154 371
318 420
355 690
386 551
495 901
345 618
544 798
142 344
38 823
562 988
722 930
117 168
470 868
140 197
65 735
560 641
222 782
58 350
19 100
571 605
756 949
171 904
58 777
373 785
322 893
94 934
624 939
410 951
522 583
33 455
644 977
719 815
249 696
548 749
154 900
495 985
132 863
412 553
171 476
197 789
12 345
296 667
608 770
574 910
477 489
545 875
196 556
357 468
200 552
721 748
527 715
70 718
254 346
93 213
666 929
19 727
503 928
142 977
315 325
94 892
117 585
322 766
174 629
583 880
514 961
506 819
82 668
743 948
183 917
314 627
359 830
13 449
604 637
435 558
383 828
162 408
398 701
643 952
684 967
134 370
208 372
333 568
682 981
28 797
287 897
96 97
903 985
262 807
153 524
53 528
326 716
5 752
585 650
475 490
425 713
423 980
645 672
159 386
383 449
830 910
168 700
374 404
17 347
200 254
171 808
176 450
289 746
401 799
348 551
711 948
306 475
445 618
788 957
268 279
334 702
79 670
362 770
752 999
653 869
501 975
433 617
350 810
26 79
14 369
882 933
205 526
15 275
172 702
246 826
548 701
314 554
107 694
423 778
214 891
128 321
315 795
672 807
498 934
555 655
458 604
21 207
901 974
236 956
748 935
338 891
276 595
696 843
33 842
236 651
478 995
357 747
681 795
550 981
279 718
468 892
158 581
44 510
280 549
165 611
641 996
303 323
325 934
77 472
162 507
382 863
194 531
174 524
789 972
636 751
22 436
329 413
467 709
130 802
388 929
181 910
588 644
57 397
104 456
107 895
322 474
221 896
499 684
103 490
450 864
251 353
111 859
340 731
244 746
222 936
255 982
207 929
310 413
181 545
322 880
78 303
621 747
91 219
259 542
428 811
82 123
67 939
18 487
457 993
72 841
640 737
326 499
291 718
642 935
772 923
347 945
152 762
11 103
289 777
172 902
0 569
426 502
348 648
32 159
369 827
171 791
49 727
776 842
73 291
51 188
97 300
86 784
687 813
39 452
106 160
93 122
15 858
584 695
35 113
839 861
29 858
99 281
766 996
161 655
33 745
641 937
306 831
11 708
121 472
288 501
210 364
257 495
207 284
212 822
271 666
19 948
178 262
667 997
220 255
808 955
408 525
12 928
56 334
55 506
128 344
665 836
196 792
363 909
322 563
475 968
395 980
159 320
410 710
787 797
562 589
486 520
235 887
356 895
86 878
24 117
291 528
733 974
100 581
53 640
400 922
143 789
212 491
162 885
125 273
141 478
183 740
389 820
73 628
117 563
115 877
621 657
750 792
335 470
23 351
434 676
310 872
425 437
3 62
112 611
296 830
576 913
263 896
306 430
174 339
325 462
550 775
336 886
729 746
29 515
143 242
443 590
185 230
94 642
203 360
573 795
110 478
284 654
396 422
670 687
544 572
331 622
185 541
334 688
192 740
552 645
233 717
768 843
177 371
748 921
328 927
240 813
815 868
89 553
816 927
342 430
5 48
584 775
134 550
36 183
378 526
204 958
25 180
369 522
162 694
27 940
102 213
379 767
503 854
73 219
320 581
146 258
83 99
412 990
449 580
648 767
205 682
258 479
165 973
616 992
133 149
27 831
658 786
479 888
311 820
4 878
615 643
556 978
442 956
20 322
661 906
532 644
737 778
194 988
121 210
345 521
162 350
475 571
142 898
652 882
818 952
135 716
31 596
469 876
815 928
387 394
93 630
68 739
8 434
264 312
265 902
180 418
574 762
665 774
173 531
45 132
318 685
919 966
94 147
258 580
252 484
6 26
75 355
148 223
510 938
815 915
139 346
43 294
240 249
161 842
281 486
688 785
462 594
395 670
196 342
419 453
296 408
487 557
841 853
27 335
88 798
136 505
191 500
0 471
23 464
286 772
178 219
190 482
84 663
669 812
750 753
181 257
383 869
522 725
329 626
1 537
38 558
394 644
436 698
296 889
451 976
683 811
286 559
369 514
35 515
317 887
594 961
571 933
42 230
23 917
221 868
20 387
514 860
164 339
11 703
185 645
344 445
29 69
118 309
467 658
357 883
103 702
39 284
190 445
282 927
461 582
24 668
517 955
146 959
42 567
219 727
662 879
722 932
240 622
104 226
587 880
369 731
137 285
441 996
114 525
738 997
522 576
404 725
93 580
123 895
22 29
3 96
240 526
485 745
356 606
288 930
455 541
445 900
600 796
641 681
229 329
466 504
374 526
284 521
616 983
257 273
38 634
640 668
193 478
28 114
719 797
710 754
542 887
76 638
828 863
52 394
19 844
110 557
744 959
450 566
368 546
98 116
543 834
589 660
34 860
289 687
120 518
140 235
106 999
316 569
223 235
267 460
91 951
99 101
8 823
414 840
271 527
474 618
167 692
82 787
268 346
229 253
11 777
403 652
389 492
527 971
14 464
629 850
125 986
222 428
139 185
63 247
426 940
551 717
676 899
60 434
278 312
582 987
908 984
733 768
46 372
98 805
229 886
690 913
35 92
147 811
280 404
318 961
82 305
279 597
789 814
256 518
259 555
833 879
150 756
205 737
239 819
695 962
272 953
286 495
228 707
256 372
363 849
67 336
175 185
150 740
320 670
9 325
70 977
458 829
257 259
513 614
630 700
311 693
392 573
537 978
946 976
254 492
272 932
470 595
49 764
141 330
669 750
87 219
570 766
809 987
79 395
28 140
700 770
41 346
277 521
259 696
537 735
43 661
418 474
81 280
777 894
202 837
106 595
16 26
464 772
54 428
22 955
516 672
67 864
775 911
201 820
387 647
427 597
20 634
349 735
487 834
67 624
545 702
590 694
510 611
738 987
304 353
121 630
490 610
25 296
334 595
464 828
324 729
743 957
150 805
427 621
604 807
108 921
248 564
497 779
105 816
36 344
87 335
275 362
200 346
210 746
145 486
459 763
244 276
293 481
372 918
81 683
614 908
58 468
219 702
492 855
127 253
496 832
153 514
98 770
349 957
543 710
563 960
208 723
429 476
544 590
24 318
862 999
614 778
335 688
94 790
426 829
205 358
367 379
292 558
64 817
455 974
53 334
488 765
17 284
394 805
177 201
197 351
636 849
815 911
115 306
46 96
693 998
581 986
458 875
84 445
244 737
189 420
321 702
751 871
80 140
103 223
203 206
207 727
219 598
666 735
0 365
431 906
84 673
95 872
120 304
515 749
239 708
350 945
398 910
561 924
501 781
249 851
737 984
174 467
249 683
338 696
70 610
120 950
43 258
275 914
128 470
347 429
64 453
62 927
368 992
367 720
61 920
259 550
301 816
119 819
732 770
393 560
85 356
473 756
592 624
85 375
566 627
148 511
651 710
16 943
59 702
291 392
676 876
526 633
447 670
562 976
26 495
872 990
365 587
247 565
184 853
711 991
155 207
952 956
80 138
731 925
221 259
214 488
94 859
358 644
101 354
354 897
117 507
185 250
548 644
162 195
211 817
120 838
258 619
563 683
307 901
60 857
333 761
417 764
755 916
277 962
111 796
301 853
69 313
768 935
133 311
199 741
344 626
148 418
74 895
289 545
203 910
413 818
902 959
176 913
407 722
283 466
37 105
111 148
744 894
101 742
475 883
524 549
0 420
725 833
198 671
0 985
645 970
590 672
364 623
60 851
514 900
483 928
619 891
251 596
528 977
536 566
328 390
242 624
506 680
38 153
529 799
32 574
349 458
359 897
456 594
99 158
174 297
499 635
484 882
168 241
471 902
43 125
207 599
24 815
421 838
325 468
396 502
118 468
502 872
396 414
698 868
900 932
343 532
591 966
265 915
130 741
76 774
146 325
446 793
222 937
84 986
211 503
56 573
363 583
374 832
125 978
26 86
91 166
163 793
14 863
533 555
206 414
135 867
299 978
504 854
425 970
587 718
539 691
214 938
483 533
16 806
866 952
824 856
155 801
16 638
474 578
43 720
620 882
696 812
739 872
364 511
250 734
528 669
3 218
399 644
21 237
333 996
96 408
234 534
28 326
65 902
92 435
733 933
151 938
71 523
496 543
761 943
128 375
1 999
83 742
139 582
47 578
269 799
605 734
72 635
335 682
578 729
81 514
121 466
431 698
74 265
275 395
143 582
100 633
105 872
180 301
214 856
297 530
235 721
183 219
204 703
161 952
34 753
21 323
647 819
495 978
343 961
776 895
161 955
139 528
16 607
69 829
71 861
601 946
270 787
338 921
228 917
132 970
584 784
193 900
515 931
669 932
642 741
131 501
286 593
650 812
71 167
177 649
584 693
348 349
305 352
132 415
470 619
252 426
331 759
580 630
658 828
166 240
52 361
293 803
339 521
612 878
11 633
380 418
610 904
567 636
594 923
302 731
357 511
94 817
194 270
440 606
236 263
165 847
15 607
211 786
193 945
146 981
405 555
478 574
534 567
667 983
739 751
419 617
291 798
65 471
62 687
422 887
239 580
273 943
110 543
42 373
491 830
570 744
337 776
249 270
57 338
158 425
299 672
335 619
741 919
517 785
243 638
98 354
419 709
190 409
375 645
872 893
134 291
384 821
497 585
95 140
78 135
371 533
347 524
617 848
457 517
31 640
49 159
541 595
374 861
4 262
132 342
325 794
586 726
925 979
50 403
353 371
66 729
36 711
319 597
151 289
250 396
568 941
8 724
100 887
13 248
314 775
893 941
64 930
446 978
66 664
26 32
186 564
27 510
503 529
235 697
880 971
779 883
207 224
8 537
480 722
4 451
354 782
419 521
318 357
863 952
378 676
161 508
409 706
295 775
177 314
0 557
0 144
327 392
428 780
513 769
85 905
387 583
377 840
115 353
22 256
345 820
300 931
277 805
635 653
98 542
45 753
114 628
129 288
21 157
545 987
426 823
69 543
25 675
601 986
579 654
453 804
63 356
237 413
265 867
708 891
316 412
59 904
468 621
58 861
444 511
331 861
808 932
913 971
114 984
568 969
87 207
721 998
658 909
56 942
383 937
225 733
482 549
206 702
397 630
114 891
776 900
420 923
343 587
456 909
545 911
582 614
46 939
353 531
302 458
528 811
816 961
6 594
563 914
60 160
692 762
94 462
636 732
224 429
4 959
318 994
255 558
328 903
113 829
225 816
94 706
767 770
655 923
333 377
162 213
368 814
452 737
506 765
311 990
516 915
578 591
50 105
23 96
548 613
822 939
107 423
80 326
94 917
276 343
253 885
570 746
589 850
899 968
120 784
64 545
519 677
346 814
196 617
684 797
79 242
189 518
13 256
457 685
904 925
351 595
86 658
384 893
41 126
130 693
126 545
520 797
821 973
309 609
792 981
387 566
249 595
261 364
15 438
245 563
312 593
536 955
523 807
201 577
309 952
391 978
316 486
807 819
532 572
383 473
65 569
263 790
401 611
433 534
256 388
344 550
286 989
36 992
170 852
224 959
391 761
440 499
570 808
548 859
113 775
31 47
20 982
404 510
359 771
33 912
571 709
147 186
765 845
864 983
743 787
862 893
27 170
7 856
385 405
395 839
619 779
370 765
33 731
382 929
65 617
922 932
14 282
157 414
185 453
635 952
409 642
353 764
52 689
45 530
9 447
366 702
0 247
117 323
383 972
175 404
794 848
23 320
246 943
11 905
279 887
426 618
542 999
656 852
2 395
515 900
349 840
153 614
30 967
78 347
96 239
604 852
201 283
263 491
126 859
336 913
292 920
97 962
548 570
47 648
106 427
469 604
59 239
178 928
334 850
122 645
696 867
385 549
924 955
179 838
595 600
598 650
359 468
13 107
475 797
257 632
248 586
315 945
807 838
136 540
244 725
615 856
154 590
413 632
365 759
633 909
142 216
192 422
589 760
103 892
13 477
300 684
168 960
274 580
70 861
536 992
331 932
460 637
435 849
505 948
507 509
12 749
442 527
192 803
343 702
245 346
103 959
30 842
142 235
576 937
583 591
149 930
4 34
317 705
530 959
192 977
220 334
341 403
441 444
841 891
163 373
527 983
39 802
325 362
609 714
686 872
78 273
18 797
120 207
318 682
427 869
622 864
119 910
76 865
49 83
66 752
169 777
33 931
118 573
284 451
245 973
223 830
280 575
62 79
238 703
265 465
110 861
448 900
127 340
587 845
440 718
229 855
102 974
98 268
572 756
146 231
63 605
456 961
331 729
145 345
100 690
137 349
834 841
229 734
154 968
497 782
61 859
784 930
33 533
242 945
253 780
408 932
752 887
57 424
432 881
314 447
60 275
170 790
837 938
270 452
599 758
312 765
218 953
261 609
266 305
283 935
612 717
335 527
744 883
314 553
367 382
83 299
371 962
626 712
515 827
121 840
624 797
260 702
138 936
696 974
624 847
668 676
145 980
528 943
223 241
36 202
339 801
7 799
567 838
76 779
572 629
613 807
330 735
211 343
43 211
175 264
401 721
523 709
63 543
147 410
75 500
145 222
570 575
668 748
245 581
75 612
266 440
369 787
531 860
1 953
1 251
127 655
379 966
765 970
340 610
233 579
96 754
299 524
201 594
4 524
120 908
325 840
423 609
734 743
10 802
441 473
497 717
177 333
493 744
166 851
246 694
584 892
287 802
410 859
98 330
711 778
126 138
255 566
187 690
106 485
146 936
531 780
39 98
347 638
40 960
239 542
217 993
90 995
262 857
39 832
327 662
323 788
79 929
523 714
212 928
856 866
415 440
68 396
645 719
153 532
267 459
199 737
147 535
259 480
169 609
91 745
244 817
898 928
96 523
381 724
351 543
375 595
97 988
323 937
63 951
486 802
315 749
322 842
576 922
261 346
1 222
635 825
31 902
53 588
244 804
386 848
297 971
96 804
73 279
137 851
641 925
67 661
95 304
714 804
179 391
620 995
170 275
512 852
399 697
74 855
675 865
502 600
6 184
326 829
576 633
71 129
374 386
854 861
40 943
248 538
165 422
180 900
152 582
24 136
778 925
187 608
354 801
53 292
245 629
691 751
531 746
360 777
93 355
534 746
655 675
559 682
184 295
417 572
103 250
23 442
89 508
554 602
450 729
580 581
53 772
99 648
590 789
272 434
136 640
544 961
200 554
495 886
441 740
780 830
758 867
234 339
647 763
290 464
232 932
205 596
235 930
222 735
385 867
273 811
61 428
107 740
231 722
201 386
681 732
149 772
598 754
657 947
224 670
529 893
22 378
754 899
188 931
229 437
632 651
278 876
135 747
167 891
705 996
514 769
195 482
792 837
504 874
167 740
558 783
620 767
347 747
213 563
195 514
374 573
247 689
376 581
66 125
330 774
474 722
104 989
376 561
287 832
455 774
148 629
471 592
129 856
462 739
94 416
29 166
763 917
304 835
223 962
181 734
508 970
66 418
462 474
16 40
88 743
298 920
329 562
890 981
356 668
280 789
316 782
191 387
372 525
155 306
213 857
530 895
226 672
19 589
200 262
602 807
596 903
656 866
505 768
93 642
74 557
401 527
524 705
12 472
610 745
331 905
192 253
1 554
349 365
105 327
639 791
721 924
427 783
459 609
143 343
321 868
75 737
147 374
8 649
619 976
552 562
114 119
262 839
187 262
589 719
561 807
480 544
15 757
39 348
29 634
247 955
552 635
326 936
831 910
340 608
24 390
96 300
315 835
271 541
169 279
796 805
367 862
129 229
79 220
321 563
522 802
282 993
238 513
18 289
138 682
66 520
402 801
509 529
468 649
399 613
503 969
376 512
251 553
682 815
424 823
396 500
33 543
753 843
141 186
342 416
190 282
206 339
462 970
280 429
438 751
328 928
11 317
314 907
60 520
82 860
106 756
38 167
337 895
445 558
105 523
817 902
907 912
248 288
91 303
301 944
99 112
569 759
207 820
287 952
153 154
188 356
350 690
174 344
328 936
309 499
148 208
611 796
172 243
680 705
426 840
475 904
39 49
314 688
6 542
563 680
446 829
448 452
296 314
216 585
130 726
700 776
15 841
276 705
171 982
249 374
240 462
121 741
3 347
145 854
13 250
37 373
554 726
30 998
333 900
4 189
819 821
24 896
782 854
377 518
132 875
184 960
170 786
81 216
397 570
30 156
546 847
52 918
61 955
390 449
130 926
108 832
255 402
432 532
234 458
277 387
45 730
449 779
395 827
326 571
606 728
90 188
249 291
212 605
82 444
152 265
425 721
198 477
12 106
151 786
315 830
49 503
124 277
229 454
481 533
461 634
180 477
533 685
721 870
424 961
550 996
503 974
31 579
363 516
390 687
594 732
80 584
153 860
691 850
718 831
236 695
422 424
111 867
208 903
146 174
687 727
814 825
654 975
563 706
0 650
296 743
16 522
386 494
582 757
184 216
303 781
58 638
76 473
159 769
264 727
461 465
115 677
71 813
615 649
422 870
577 653
324 839
325 541
801 869
347 566
132 280
592 642
343 559
623 624
147 626
4 879
525 813
367 689
882 904
793 910
12 919
372 536
66 536
144 761
200 531
586 932
26 936
56 670
127 777
400 855
423 560
285 362
383 762
224 562
452 957
620 981
255 688
428 756
187 546
86 621
539 586
794 853
670 963
165 533
785 927
205 240
283 811
48 911
339 384
45 216
13 292
519 852
530 954
629 717
108 534
82 572
623 879
573 730
16 873
877 960
600 771
596 638
78 287
360 742
71 565
463 627
418 832
72 860
428 844
1 697
865 948
515 893
338 661
220 348
247 354
777 806
351 715
168 931
413 616
417 856
362 743
364 688
84 916
167 773
394 674
13 710
88 781
552 785
106 365
76 628
400 768
26 442
161 303
97 968
684 791
594 985
136 321
133 690
299 629
263 492
209 506
387 872
39 193
28 180
399 722
219 565
834 935
115 682
569 734
433 745
77 863
32 53
680 819
57 455
716 748
104 779
123 531
182 741
100 708
560 768
178 453
0 864
631 704
52 563
298 799
75 496
127 747
325 404
280 832
246 608
497 778
570 638
323 432
224 907
259 378
226 344
21 297
183 789
198 403
11 969
194 328
399 914
692 899
5 613
195 340
160 297
390 836
526 947
543 893
263 922
101 245
13 944
78 528
202 926
219 656
109 587
77 113
77 191
31 954
879 960
755 959
96 516
44 111
652 676
181 800
56 782
390 901
227 981
145 590
692 839
597 615
313 584
305 796
99 746
408 460
373 713
867 942
166 552
663 778
548 620
619 997
136 608
255 990
128 834
270 841
397 968
792 882
564 701
342 810
595 758
722 936
575 756
216 906
400 951
645 753
422 675
455 807
377 498
375 590
111 914
404 583
686 782
641 983
764 887
1 239
117 245
4 112
708 731
565 803
362 803
580 623
619 677
555 905
634 886
174 181
381 587
608 953
353 772
219 640
1 652
111 891
221 566
21 594
413 556
524 527
70 578
294 691
664 851
166 495
81 282
669 909
69 983
91 611
237 646
77 165
167 753
240 582
51 223
615 683
631 937
113 631
518 721
753 932
40 837
185 224
282 923
125 708
49 310
633 718
455 651
136 368
51 603
43 426
246 382
222 995
688 999
159 947
711 975
59 371
34 243
567 608
473 724
411 956
367 947
58 644
149 235
93 371
196 693
323 925
261 453
317 586
121 123
603 720
561 752
129 967
41 878
557 657
760 972
277 411
49 829
71 269
563 954
38 202
568 899
299 417
189 525
491 991
720 792
296 839
148 275
390 564
583 863
285 775
296 905
124 138
85 891
22 766
27 64
23 840
878 912
464 827
573 799
87 563
90 213
200 792
518 572
593 810
576 923
245 956
513 666
281 950
577 908
260 517
53 697
320 825
321 390
820 872
562 721
169 591
8 234
82 192
22 441
179 760
74 733
3 194
48 673
817 844
183 368
455 540
260 926
279 385
715 719
542 748
623 653
165 974
799 950
204 855
256 912
171 508
304 855
290 318
47 212
31 985
684 822
35 889
467 704
316 484
419 821
735 890
688 845
819 907
164 578
30 526
351 454
467 736
497 912
568 784
335 646
318 623
413 931
100 424
309 712
763 896
61 926
367 542
117 874
483 597
41 531
488 882
253 996
649 921
215 935
166 374
494 780
511 743
811 944
363 811
218 787
642 689
113 578
185 281
730 969
449 625
494 693
396 841
338 366
974 998
434 893
116 157
348 425
132 612
542 687
233 652
43 240
83 377
390 637
298 816
86 148
881 967
484 884
389 580
24 603
8 804
410 511
7 469
365 445
96 608
555 788
362 699
47 870
75 764
171 832
388 494
159 375
543 550
350 512
635 726
183 934
153 443
251 975
452 479
311 848
547 645
516 878
757 861
285 661
159 428
418 755
54 559
70 843
408 688
220 623
197 467
93 111
747 907
466 515
354 864
306 391
478 807
22 622
169 530
283 882
343 729
568 632
209 425
482 901
548 829
172 845
444 625
339 943
366 706
227 583
828 844
35 712
66 157
462 968
12 78
697 741
223 714
225 909
636 709
196 348
549 945
145 732
424 690
371 869
89 688
35 532
343 901
324 711
395 744
345 374
398 597
178 810
887 901
475 732
118 771
129 572
411 802
285 988
305 778
476 539
59 882
10 223
688 742
748 821
125 196
37 747
79 342
682 869
132 870
109 178
200 858
374 853
910 937
764 893
404 554
47 279
1 653
302 335
132 448
866 884
319 645
334 876
12 809
207 898
21 937
91 98
714 715
655 969
251 448
150 194
643 664
475 719
523 669
588 879
241 861
555 612
721 758
9 233
19 479
228 705
288 451
153 819
313 914
135 310
222 997
239 767
303 447
43 246
61 494
144 822
11 535
51 581
108 779
742 845
426 580
199 472
468 944
203 870
739 811
779 795
5 726
26 938
64 990
84 687
459 561
96 772
263 450
137 630
213 840
81 962
878 987
14 519
624 800
303 326
464 536
175 238
192 552
374 787
32 841
392 849
466 667
137 194
401 912
117 624
579 747
354 497
643 969
588 932
747 963
157 876
125 170
406 693
255 892
161 454
746 928
760 985
509 542
62 403
290 897
806 892
368 807
533 674
203 564
9 137
74 773
38 830
256 478
624 734
491 971
32 528
76 885
305 351
113 382
344 351
140 964
62 560
174 878
250 463
522 899
131 392
840 953
235 280
428 999
35 996
430 575
252 913
354 700
393 584
250 627
127 459
33 255
612 776
89 461
698 906
641 970
570 828
456 986
224 240
110 366
164 506
157 229
16 154
305 620
121 384
224 783
128 227
12 850
697 870
639 641
794 969
589 984
64 361
205 283
276 974
547 784
564 848
9 50
315 811
129 152
137 159
136 593
699 857
18 747
206 299
226 316
344 572
323 606
22 798
242 590
211 331
15 216
186 235
369 648
462 866
304 480
349 733
52 118
225 994
468 789
133 847
201 226
515 581
100 666
419 894
902 910
480 980
363 790
247 647
397 740
6 87
84 536
856 969
207 437
41 972
502 746
423 969
409 588
377 593
121 928
545 726
199 512
390 993
536 830
110 782
139 994
47 996
32 404
391 406
291 670
550 933
248 658
428 496
208 389
37 685
263 847
143 527
21 558
122 192
621 796
124 639
51 278
501 645
871 881
590 726
755 924
599 935
119 130
326 712
403 944
480 687
236 717
224 470
437 698
289 784
35 519
217 728
541 807
721 739
256 677
249 673
345 609
89 372
357 614
686 952
36 582
274 479
140 369
346 357
382 953
415 446
190 208
616 797
112 966
572 968
30 516
346 495
236 719
34 473
131 235
91 980
678 856
163 752
194 335
94 847
0 616
25 298
125 732
860 908
326 877
700 887
427 576
874 903
832 977
316 918
30 737
102 710
162 792
53 824
175 891
99 469
123 493
31 356
322 988
133 147
516 799
239 431
694 755
377 551
278 687
104 703
75 259
50 956
251 838
185 257
290 735
691 915
167 819
85 602
130 679
317 989
298 299
711 895
50 773
568 716
606 783
422 660
174 998
557 897
107 373
606 942
8 837
772 873
902 982
183 444
390 682
4 549
130 403
282 823
222 611
547 921
75 371
895 959
140 289
26 202
121 593
603 998
612 980
557 951
532 638
66 963
615 666
112 972
243 504
443 678
257 579
272 597
17 108
86 443
253 334
580 605
596 799
24 309
761 838
415 507
610 750
563 708
307 372
79 444
284 614
565 651
348 978
144 760
222 981
122 205
871 893
496 632
305 345
75 301
109 452
428 945
145 514
651 821
139 999
333 517
367 617
655 801
635 643
410 486
564 843
314 537
200 807
518 910
215 258
390 540
92 291
11 379
437 617
510 691
11 883
200 856
281 840
269 440
143 995
329 603
188 724
75 999
25 305
9 133
207 353
133 221
232 327
565 692
145 275
171 518
96 912
364 501
267 468
533 776
458 922
77 518
816 873
521 891
356 768
554 798
48 742
241 794
625 902
154 229
770 925
557 983
384 919
210 669
265 355
104 282
639 877
226 311
99 458
847 938
143 160
420 859
848 969
657 836
755 869
175 734
252 394
106 391
493 740
296 797
436 784
26 533
322 638
454 847
37 960
104 834
740 782
621 860
506 897
733 916
107 697
25 556
7 474
493 640
235 892
89 331
567 627
194 894
739 936
416 582
789 930
196 224
251 657
612 769
453 494
129 227
251 357
411 463
633 928
9 106
103 808
499 536
599 732
461 484
609 923
239 882
65 348
355 863
195 229
538 924
383 726
225 668
470 959
107 430
473 899
477 504
866 925
217 248
162 208
288 943
320 510
252 659
590 689
162 622
319 648
179 325
528 783
363 952
226 698
306 690
183 271
99 911
76 403
244 787
571 908
292 606
255 606
142 597
455 826
62 325
685 991
30 968
587 924
368 916
712 783
756 891
169 661
866 977
397 665
184 911
115 315
432 536
159 802
314 475
380 553
62 425
338 919
324 818
30 433
663 932
525 628
362 797
316 926
16 991
447 797
540 647
153 309
398 811
812 987
528 842
316 409
418 541
11 854
7 64
252 517
398 435
460 553
130 601
514 743
136 571
379 422
159 784
301 490
101 110
174 354
55 243
394 912
222 919
295 826
487 593
35 332
147 416
976 998
673 986
488 737
237 272
528 816
833 940
324 651
286 863
91 277
590 831
538 732
96 383
44 945
132 178
322 974
52 86
768 861
421 587
523 612
218 556
173 768
62 401
126 488
138 733
428 818
371 933
462 539
665 857
260 332
133 455
161 461
190 817
126 680
179 852
60 315
473 807
350 636
2 535
294 868
305 456
167 234
353 513
224 911
120 900
8 108
271 700
863 934
657 870
29 830
118 387
54 507
893 948
896 941
529 895
274 629
485 818
146 434
321 824
722 728
247 915
219 698
64 692
510 584
48 727
151 764
406 961
80 843
164 574
86 551
705 881
253 373
221 486
447 817
502 974
99 715
93 147
384 685
33 795
241 973
157 987
268 424
325 384
268 338
265 939
4 332
56 570
564 680
120 595
51 748
371 417
117 833
116 149
8 584
292 523
369 806
530 804
27 446
825 887
71 205
980 986
286 600
59 886
178 599
8 888
121 711
140 304
756 964
680 735
247 634
56 362
228 883
178 408
289 311
636 657
340 505
898 969
226 539
538 964
531 837
24 135
101 684
81 854
559 923
260 309
660 989
275 325
555 801
119 812
844 962
59 339
55 976
608 690
66 221
429 586
553 831
316 536
54 817
721 880
421 643
696 847
412 705
207 308
425 626
439 473
451 617
59 933
550 741
305 957
58 726
490 575
923 968
128 185
755 810
188 544
672 703
338 413
17 292
171 750
506 627
101 389
659 862
75 163
269 945
217 971
263 912
226 903
270 727
54 327
531 710
744 880
29 492
420 739
339 783
35 191
2 926
109 944
186 937
675 902
685 937
39 244
5 894
583 877
120 551
490 594
645 688
463 600
266 826
35 811
231 325
333 853
667 965
184 572
33 920
152 788
143 463
579 950
228 908
461 699
131 157
79 186
98 871
59 844
70 213
217 465
189 631
588 669
445 487
138 187
720 728
356 494
508 920
308 426
572 926
62 799
541 804
36 207
793 835
62 901
558 892
28 816
292 743
320 520
517 538
87 742
187 209
525 934
15 971
978 992
425 658
798 911
493 791
64 730
242 738
28 699
449 657
199 474
445 949
484 533
143 153
74 506
392 898
119 291
40 192
977 992
606 610
308 513
95 328
32 468
483 540
407 997
413 876
437 967
848 920
131 587
150 511
629 668
404 730
199 380
144 892
528 584
450 633
39 706
478 912
199 873
245 803
4 704
762 952
74 802
377 741
189 299
401 462
605 724
231 628
524 907
182 611
95 352
643 820
877 885
346 795
600 923
404 963
209 633
424 590
38 66
533 908
232 395
22 912
364 600
112 993
198 564
813 827
450 845
367 864
241 344
178 237
87 341
279 630
894 963
122 766
2 107
223 739
166 793
22 819
524 622
135 237
50 86
538 799
784 950
495 797
279 700
9 491
376 618
581 856
129 801
623 960
189 749
69 329
53 605
453 762
9 727
926 990
237 642
71 148
334 663
76 418
122 664
61 722
339 397
449 459
77 316
434 591
674 898
290 497
248 844
378 949
183 794
378 471
578 620
143 572
777 855
258 530
422 873
112 488
301 726
179 810
379 676
586 866
223 835
250 670
386 682
73 504
207 385
258 357
221 463
757 836
128 546
382 858
53 210
166 230
7 32
819 954
19 409
198 908
603 981
390 553
250 349
595 697
296 499
383 568
306 547
66 873
504 733
410 831
185 956
169 262
42 363
84 662
822 830
611 705
750 760
431 758
35 702
204 492
168 583
54 818
106 318
86 465
219 545
68 356
480 775
409 500
518 994
133 968
575 624
269 861
17 900
189 491
25 92
497 654
674 871
25 475
55 326
94 745
405 875
643 977
299 859
326 522
18 642
940 995
265 703
478 578
686 834
184 233
725 824
198 938
416 637
50 85
453 781
33 713
286 992
270 928
734 803
193 993
583 622
474 829
390 657
354 820
707 718
397 616
313 714
529 533
163 185
347 513
234 684
85 908
178 268
752 921
181 635
247 717
589 629
217 608
392 840
36 310
241 837
177 880
398 802
9 794
471 495
452 586
37 523
623 952
181 752
653 885
173 683
824 969
799 968
194 487
719 979
76 901
250 572
319 672
514 984
742 989
266 392
75 455
224 737
418 499
138 385
509 918
474 926
537 660
237 602
425 598
27 702
398 694
266 537
55 600
505 847
437 695
312 889
222 625
565 658
169 830
566 856
1 321
630 639
468 989
202 366
287 641
729 899
45 366
160 938
64 549
379 826
36 682
348 923
52 367
423 841
381 896
343 351
568 637
280 322
123 611
286 870
318 802
572 630
204 799
327 693
458 651
861 903
245 930
16 912
55 705
287 784
313 830
458 839
368 604
40 499
257 297
785 901
115 925
309 938
504 573
127 360
35 378
451 695
390 857
218 546
825 898
673 788
32 502
405 988
93 210
269 297
211 501
271 784
300 709
451 861
394 413
595 849
270 744
320 544
448 783
91 847
203 504
70 719
530 616
72 962
548 870
172 697
384 503
30 938
775 905
504 545
727 755
423 964
252 607
74 979
306 466
644 698
116 327
621 851
396 512
352 499
592 667
697 787
90 517
465 863
846 947
868 992
598 603
458 673
163 343
746 794
58 862
40 397
100 260
263 652
38 437
121 958
733 749
222 769
26 178
614 931
670 824
203 726
352 706
214 791
402 450
316 595
357 670
222 232
353 913
65 631
422 515
566 875
627 693
76 290
352 696
173 443
380 824
507 922
198 502
253 832
32 241
686 731
174 260
435 738
131 583
381 787
256 597
652 769
564 775
12 956
530 746
107 664
92 146
174 937
4 561
252 611
317 342
267 897
131 227
205 359
296 483
147 495
838 898
598 626
109 355
747 779
756 970
177 601
369 389
603 836
130 732
934 956
642 966
34 403
103 739
388 663
500 930
593 679
756 783
261 284
264 394
183 623
23 584
95 892
90 92
201 404
59 149
450 501
466 532
484 803
455 829
665 859
8 56
669 947
316 814
813 818
162 322
539 722
91 670
100 917
180 408
358 815
287 845
631 892
662 920
477 550
502 916
172 461
65 71
477 928
882 955
277 683
209 909
328 330
630 823
29 84
213 872
756 819
336 576
211 865
455 818
166 402
429 781
441 855
458 680
363 454
595 745
175 813
163 760
551 880
44 71
350 362
749 847
431 748
607 945
71 683
22 729
280 377
433 814
630 872
24 143
64 207
728 837
407 785
613 718
567 851
419 639
98 280
738 998
54 836
362 422
457 655
140 627
52 564
131 447
252 614
37 676
423 508
66 290
515 937
525 598
46 251
454 612
279 833
748 815
93 224
666 834
44 955
521 869
112 234
517 707
393 716
62 250
343 632
326 581
391 946
112 678
330 692
640 880
297 588
54 542
202 477
116 133
464 767
56 617
806 975
326 418
293 790
198 596
648 907
594 966
32 168
207 403
785 794
535 565
17 237
272 550
148 958
210 911
391 831
477 507
16 141
123 174
35 668
406 681
26 841
41 333
159 731
282 283
50 51
298 927
521 793
274 748
185 861
84 319
308 318
611 656
1 930
154 324
595 929
282 995
225 635
207 512
68 156
363 409
348 475
507 898
212 700
158 286
138 644
132 681
455 831
66 956
153 667
379 852
123 906
514 764
621 793
26 210
394 609
38 993
69 86
58 80
131 960
464 990
259 777
37 609
305 330
503 802
451 645
462 503
80 94
55 576
50 345
303 971
473 716
217 285
114 942
755 800
659 710
877 980
363 884
341 459
19 354
510 626
753 823
411 679
245 375
162 529
392 604
67 990
749 939
141 848
275 720
28 987
29 759
323 922
638 758
771 821
623 675
815 841
535 974
701 875
163 499
21 924
1 617
597 906
11 128
53 404
1 785
40 954
334 381
533 589
604 635
91 473
297 651
174 670
675 937
677 728
622 794
331 464
620 651
111 627
281 543
77 490
725 887
270 688
73 743
107 351
638 924
628 833
239 616
92 764
174 175
603 619
337 427
473 585
307 434
508 648
117 712
457 973
350 596
706 723
430 779
240 737
197 666
609 936
67 328
310 461
367 606
581 704
13 34
871 901
651 656
917 956
110 614
270 903
591 766
506 934
249 939
19 986
441 986
653 830
735 974
424 697
364 440
940 984
460 562
88 650
492 782
89 972
117 296
539 721
34 213
106 590
43 232
714 774
200 526
295 724
172 648
351 843
303 515
748 776
526 992
189 289
212 398
251 696
182 261
236 671
664 676
91 924
435 604
210 570
187 398
19 187
0 442
19 167
527 550
496 777
247 838
173 232
562 887
663 761
316 790
371 812
547 881
304 672
385 492
18 853
820 837
166 347
402 696
0 824
605 763
153 885
561 702
5 509
712 903
325 414
387 531
97 542
177 193
483 971
87 289
193 266
248 680
7 531
295 392
708 957
3 639
499 819
121 676
109 112
308 528
463 572
736 903
530 731
144 692
390 927
436 561
367 596
318 536
102 571
140 409
281 472
109 437
514 607
367 460
33 806
303 384
687 747
291 815
221 688
443 877
172 388
896 992
47 948
568 684
384 689
362 933
37 355
286 487
750 853
446 519
0 831
435 979
210 873
319 787
482 591
728 936
711 936
13 222
48 204
39 636
433 921
229 562
199 963
169 634
629 728
285 672
385 534
260 812
923 949
325 420
174 616
242 617
401 739
511 593
482 748
404 986
511 810
106 851
795 855
825 971
779 925
611 934
159 925
403 449
447 593
79 866
95 197
18 596
134 525
44 67
78 557
249 474
65 301
46 315
254 343
287 383
437 441
10 573
253 707
383 967
338 719
685 881
602 784
779 944
545 757
456 720
597 912
459 523
297 794
567 804
481 704
330 983
4 309
374 684
665 885
849 915
486 777
731 866
242 265
392 663
107 756
200 712
84 181
577 973
216 404
689 998
229 291
587 930
354 678
147 396
165 892
52 122
167 176
97 107
60 582
194 842
686 974
155 852
114 419
471 931
720 852
217 709
19 122
466 500
590 806
172 240
244 956
501 685
130 899
884 919
238 691
233 667
124 319
223 579
294 687
898 932
139 347
371 909
723 991
51 260
269 974
266 831
173 253
156 688
126 330
572 614
124 997
29 891
577 608
162 423
86 954
772 839
134 626
309 492
183 497
349 595
393 545
556 797
298 300
33 501
533 956
396 829
281 361
275 797
453 757
33 890
592 905
424 859
527 563
472 563
59 373
763 973
498 867
445 554
250 684
301 481
365 489
47 627
110 113
315 677
390 421
634 637
322 833
332 387
406 969
59 228
73 136
131 788
27 454
752 777
297 428
466 878
248 607
449 691
393 959
62 259
176 495
638 659
27 106
230 691
100 376
569 610
327 443
251 673
316 378
714 927
830 863
645 937
140 663
68 835
459 546
200 575
504 737
675 863
129 232
202 532
71 502
308 408
113 460
761 924
139 524
56 200
117 929
569 841
43 632
543 602
150 918
422 572
170 781
646 695
38 183
582 722
64 280
243 323
200 579
317 567
53 408
643 859
11 500
131 404
381 860
123 376
486 507
261 808
391 854
189 409
368 894
61 327
817 971
191 607
382 824
230 381
653 836
44 90
170 977
332 466
687 781
35 199
41 481
677 745
315 822
12 914
123 528
265 920
322 539
86 250
604 826
150 223
127 731
116 588
161 800
705 772
486 671
231 505
254 303
723 821
164 843
96 210
271 282
212 318
253 356
108 504
69 860
102 419
462 819
58 137
950 975
139 281
805 912
504 985
327 520
363 429
282 853
297 620
402 408
934 975
892 986
247 551
474 712
232 995
293 444
113 145
27 29
28 57
502 612
73 312
547 699
177 374
429 848
251 655
294 722
95 885
669 934
618 713
75 706
92 467
238 487
897 936
249 953
79 738
518 877
35 676
95 268
25 865
570 896
712 733
481 608
377 952
14 919
153 492
592 778
623 687
485 844
81 826
194 224
179 829
468 879
6 872
183 688
140 190
967 993
561 800
294 651
148 170
455 930
212 591
239 907
383 852
369 562
422 460
471 975
231 592
503 832
56 738
347 792
46 190
470 537
59 957
218 547
213 641
309 785
686 976
388 789
228 675
171 504
216 552
520 732
318 671
273 673
399 712
499 911
381 710
39 342
83 309
103 425
115 134
497 561
195 476
277 957
171 902
704 997
175 775
16 405
133 849
323 773
115 906
447 870
315 955
86 933
556 603
65 296
654 748
21 567
190 624
780 801
10 219
64 953
370 785
381 632
209 312
161 292
15 891
361 753
173 338
319 892
745 838
20 685
299 757
195 780
79 260
88 497
695 965
276 903
758 965
147 805
315 838
449 472
413 683
404 562
232 435
684 955
20 329
30 480
354 892
412 731
200 388
730 830
54 937
344 896
98 604
87 567
383 495
344 522
168 932
495 708
434 811
124 254
82 422
96 492
88 575
189 196
76 817
663 950
285 567
237 867
92 107
126 495
138 963
283 857
474 766
468 646
485 724
146 891
333 348
567 701
845 932
67 426
179 848
822 872
350 697
967 969
256 844
768 934
331 426
574 718
833 871
57 538
6 533
179 419
161 424
110 722
424 906
147 574
329 605
443 785
823 951
191 869
506 902
77 81
26 205
388 930
638 685
54 128
448 974
345 587
534 872
71 955
149 175
62 561
78 938
433 526
628 648
66 472
313 818
93 922
137 405
207 254
299 396
108 177
513 635
231 974
228 921
376 460
289 643
458 632
368 528
172 504
32 214
579 771
11 508
125 985
790 933
645 680
199 984
248 460
108 995
170 575
271 788
829 967
47 48
318 948
223 701
377 546
444 462
201 716
6 730
630 796
776 824
0 142
183 846
558 928
440 598
567 873
546 845
727 851
809 844
126 436
256 789
621 633
369 428
653 850
113 847
90 970
59 939
306 822
101 376
669 850
693 979
528 901
364 491
762 911
5 305
52 651
458 943
87 407
229 447
395 974
594 957
466 828
272 947
233 914
227 375
291 563
179 543
647 987
124 653
518 791
3 45
91 470
244 691
98 926
544 686
607 807
33 219
50 389
584 780
146 784
357 848
668 709
87 915
78 499
282 519
14 326
764 932
68 164
51 859
392 457
412 829
553 871
94 595
48 797
62 449
200 321
20 441
544 765
166 375
806 873
171 582
514 596
106 223
185 601
564 746
222 411
99 264
408 975
588 704
600 664
216 981
854 934
117 451
133 703
596 930
687 806
724 827
259 482
159 603
222 255
486 718
413 523
89 193
461 719
277 907
627 795
555 906
102 400
641 692
357 965
744 769
145 665
827 975
652 896
367 987
724 730
29 570
196 739
342 989
633 636
58 882
725 891
319 840
42 187
251 645
88 283
2 658
542 992
66 348
745 845
38 300
342 765
82 564
149 957
37 530
23 579
130 980
149 711
612 835
46 830
243 408
245 489
526 749
667 987
159 640
538 872
198 437
231 479
105 442
961 963
28 304
94 435
196 321
557 601
410 828
109 751
97 216
110 362
733 754
115 981
60 279
24 392
228 328
361 660
452 790
218 831
614 847
48 979
596 892
471 783
527 835
496 858
383 826
173 763
168 555
608 844
197 559
437 807
136 420
77 93
309 483
100 286
73 187
719 843
166 610
302 766
41 273
128 977
278 803
310 631
580 610
60 675
764 899
176 845
756 957
624 758
627 729
254 745
378 522
427 767
5 637
168 198
136 280
99 437
131 262
27 456
549 975
632 917
459 550
40 948
296 564
83 669
530 923
710 759
17 840
122 823
49 274
90 410
28 95
472 679
696 883
340 461
459 672
349 467
239 661
341 669
447 730
253 504
681 829
329 657
336 498
176 849
124 757
27 415
496 516
191 268
161 489
874 969
253 830
222 946
155 767
243 305
232 693
615 880
117 218
339 514
204 750
304 381
446 690
465 598
422 437
717 794
285 532
352 679
771 995
735 745
292 899
669 985
78 82
13 873
149 198
34 406
665 957
337 892
44 703
354 629
123 639
15 168
410 439
255 578
422 877
531 574
77 321
133 453
651 759
511 876
220 874
189 667
517 851
365 422
404 487
480 777
319 393
778 904
564 605
59 135
260 477
396 708
21 503
843 936
64 774
404 878
343 421
119 354
37 708
521 820
297 425
472 866
808 986
446 974
27 90
581 931
659 714
214 628
658 760
346 644
8 723
746 798
356 524
215 895
546 659
81 528
476 913
522 788
460 840
641 785
320 885
434 679
530 938
271 667
682 818
192 370
313 594
558 821
440 679
199 726
375 877
222 891
69 545
191 463
327 565
254 578
311 638
801 883
757 902
468 487
474 811
396 786
531 867
221 302
349 838
390 692
270 439
727 852
549 738
607 714
268 540
294 746
265 722
90 261
278 402
295 540
753 900
348 420
73 678
203 213
455 592
344 696
855 951
303 566
462 996
30 830
649 968
83 492
286 868
345 708
495 681
320 746
466 891
379 534
10 469
446 694
108 940
597 666
194 258
500 732
738 963
142 584
694 780
887 959
81 111
26 106
143 354
235 299
133 386
498 751
314 790
379 405
246 388
283 863
19 834
828 934
546 612
194 336
89 901
182 529
664 936
87 993
253 524
295 594
121 460
230 515
685 708
640 802
63 478
420 533
58 398
19 631
173 996
758 783
615 658
548 991
13 194
10 302
11 150
152 552
888 913
807 886
311 647
42 697
325 838
64 946
92 115
436 609
430 559
92 277
209 634
170 485
460 675
94 564
655 843
78 684
155 330
436 952
311 381
186 252
435 700
59 614
455 637
269 847
119 331
15 803
313 890
136 202
329 473
637 853
648 756
378 443
426 478
356 630
275 487
446 770
328 767
117 478
112 588
298 773
26 326
71 897
30 771
433 847
201 775
510 703
453 722
96 296
123 828
123 519
357 428
651 926
74 421
684 940
487 831
164 187
341 962
180 866
292 914
54 448
547 897
269 891
850 955
360 410
172 861
575 912
87 250
407 892
520 600
551 669
715 940
310 783
469 728
135 517
824 980
902 938
89 184
372 713
381 465
253 453
58 548
644 751
466 576
277 286
65 486
61 924
78 991
681 709
405 996
829 977
468 767
182 486
355 732
818 904
129 869
100 382
93 684
474 812
599 890
331 360
0 642
58 785
132 603
676 741
184 677
295 896
183 484
874 948
574 600
252 314
601 605
403 733
75 452
177 542
568 872
759 842
410 566
730 791
917 960
264 571
157 703
167 356
355 562
768 995
30 39
479 933
307 651
333 929
220 814
306 853
75 368
854 992
9 65
40 719
598 730
189 911
543 901
94 407
718 943
285 306
8 99
680 747
103 257
54 443
48 208
472 694
460 874
132 259
848 973
197 380
347 489
594 921
270 772
190 429
154 593
230 765
484 580
385 592
857 914
568 860
852 862
349 955
654 907
319 699
83 889
121 881
121 763
188 915
161 498
158 950
89 97
136 323
467 537
279 563
442 523
375 431
375 784
648 764
137 590
169 681
191 626
222 390
18 539
5 556
8 841
379 799
56 461
40 430
172 694
20 372
560 597
7 767
621 669
205 775
100 219
146 447
110 379
140 724
13 48
298 610
82 763
236 847
311 988
15 504
566 615
293 388
275 571
667 918
306 765
409 667
225 591
689 964
701 988
102 538
11 642
766 815
407 472
45 225
326 812
238 702
470 972
209 426
117 846
50 668
604 859
324 951
51 89
94 254
126 190
321 673
728 986
76 994
83 699
119 422
365 992
92 712
627 816
593 894
551 973
300 787
7 982
215 845
557 850
531 709
414 729
37 790
419 586
96 354
1 689
767 976
210 981
249 578
211 562
275 681
388 671
544 562
70 598
372 475
347 976
398 788
220 336
731 779
306 363
558 665
392 658
623 918
139 891
334 584
443 897
80 449
245 314
215 724
666 917
135 626
495 555
482 924
399 455
325 653
120 147
265 694
2 788
155 799
375 739
657 973
106 399
47 519
491 835
261 655
232 496
118 867
374 642
206 495
88 605
81 771
637 975
83 519
194 410
217 242
548 626
358 775
639 836
37 200
174 721
169 940
396 778
617 718
199 905
816 835
108 758
557 698
170 927
95 97
806 879
123 175
352 983
209 979
11 604
87 395
305 658
408 599
783 913
217 250
776 784
90 984
630 876
642 969
757 807
87 724
385 706
174 854
251 415
654 998
162 321
398 458
347 359
756 862
441 998
593 759
11 312
47 469
524 782
267 782
375 654
352 607
446 696
279 722
252 286
644 957
206 301
44 702
580 792
241 436
397 944
354 667
227 909
49 376
328 378
208 967
56 497
608 769
557 846
615 670
449 814
504 509
460 845
102 316
477 736
188 424
277 631
6 973
125 418
421 535
326 425
281 892
54 421
252 302
599 898
700 979
547 895
454 879
151 892
773 841
626 690
427 582
504 799
196 393
239 540
234 620
95 712
413 726
452 927
453 481
42 52
402 508
161 433
235 766
886 987
203 894
578 775
727 876
176 968
438 766
404 857
239 497
215 601
327 981
576 760
353 698
129 236
680 767
8 206
261 782
37 219
133 450
811 869
46 549
118 821
282 911
225 515
55 365
528 551
146 846
704 718
581 841
94 739
588 589
471 521
147 736
519 550
48 254
322 689
571 595
99 635
743 776
493 636
297 787
613 827
293 758
137 693
238 289
185 984
285 745
19 374
48 845
145 961
853 916
15 754
363 671
338 895
485 981
58 677
276 472
832 956
89 860
669 891
134 875
79 369
76 957
95 322
459 785
175 364
338 796
807 936
119 439
846 880
173 771
8 522
551 978
85 629
343 730
530 614
496 579
67 343
494 909
605 736
137 981
18 882
701 916
67 769
25 371
540 640
593 959
148 553
588 791
6 745
103 878
333 471
73 760
622 688
32 745
379 625
86 593
27 998
165 529
297 486
341 914
63 865
828 954
225 910
436 458
893 916
421 904
448 681
623 984
440 874
234 504
159 193
83 424
319 693
357 646
447 698
414 859
554 625
772 942
412 638
64 865
677 716
93 882
370 596
346 439
26 388
249 387
122 906
426 874
576 796
116 147
599 698
849 963
71 215
212 444
519 521
160 608
578 641
644 950
53 730
605 611
668 905
857 864
75 656
118 184
118 487
68 929
862 963
493 932
359 568
330 884
662 829
643 931
399 941
385 603
399 826
38 729
112 366
177 944
833 876
83 283
258 590
316 909
218 379
168 748
378 405
850 974
278 414
586 683
317 663
486 527
626 705
329 385
100 635
159 748
71 893
259 404
297 537
74 312
273 302
361 798
137 580
397 751
55 70
149 378
122 454
3 465
212 417
219 724
879 939
780 896
582 649
0 93
479 654
573 576
188 202
626 875
664 941
121 935
170 333
215 739
53 597
116 416
388 811
112 848
354 588
102 700
630 723
494 686
498 954
169 675
834 969
333 638
494 776
404 833
623 934
122 324
110 618
129 977
266 596
907 909
156 318
473 842
328 792
47 251
455 817
399 645
293 352
696 933
204 970
875 937
1 448
968 975
440 877
144 517
304 999
247 686
358 559
207 705
287 838
367 988
549 833
52 808
181 860
379 675
119 856
483 508
214 262
293 517
944 953
28 549
320 667
83 594
28 856
128 416
445 876
431 940
534 941
798 949
449 823
199 882
48 868
124 520
188 239
753 947
420 672
49 918
147 812
488 701
558 626
197 916
194 246
310 406
123 392
557 942
712 980
176 243
712 886
91 127
94 768
742 749
265 289
171 565
176 706
635 696
423 908
103 950
877 964
544 907
233 385
696 773
251 615
221 942
554 915
405 677
308 373
792 982
176 443
877 892
330 699
512 588
492 910
350 984
154 627
414 766
46 915
341 513
171 286
322 566
219 467
12 310
469 902
474 818
401 934
599 869
57 678
382 459
46 884
215 250
407 818
161 208
180 414
483 490
248 969
668 918
328 395
491 701
424 957
18 652
639 858
378 934
150 542
475 724
96 953
345 912
112 278
321 405
643 845
278 508
484 768
706 931
182 202
168 775
439 795
504 512
466 733
173 415
251 265
412 602
5 383
542 766
251 840
257 722
405 585
158 848
728 878
188 338
111 549
733 845
534 734
186 502
96 374
705 759
453 617
93 930
159 882
321 719
276 954
190 295
326 380
112 398
247 691
330 703
233 711
145 533
904 922
88 482
222 860
110 761
233 766
255 862
37 417
102 761
119 507
37 454
84 817
751 932
57 768
12 16
19 283
547 893
718 874
36 283
41 390
182 727
406 920
283 678
271 376
392 998
110 569
813 936
216 790
276 628
823 942
459 695
121 343
561 780
12 177
555 607
611 874
53 921
692 711
296 975
89 291
114 700
103 302
489 601
12 901
175 636
234 712
210 222
77 237
334 585
728 741
569 950
498 871
135 484
388 432
95 658
298 476
364 503
278 438
180 765
375 630
238 935
483 529
418 558
351 458
168 954
36 969
815 927
24 315
696 787
547 723
192 575
115 245
281 379
587 982
376 639
60 731
130 846
850 879
30 610
557 849
880 881
52 784
960 994
593 980
493 813
482 631
479 896
148 649
201 771
0 309
4 52
274 589
184 557
136 655
597 839
671 824
22 124
220 233
255 788
323 695
400 735
95 803
267 396
171 383
121 771
651 954
86 192
312 752
339 813
325 997
166 604
63 239
292 325
162 965
510 892
210 511
41 134
75 124
412 930
400 626
150 776
168 641
346 449
41 980
620 811
97 673
267 857
259 543
109 631
319 356
601 693
181 622
127 915
498 805
400 508
47 430
701 905
18 984
282 989
65 214
344 495
915 959
6 157
471 525
588 979
80 650
70 510
584 738
33 370
306 543
256 276
190 863
92 727
145 967
387 473
77 256
81 942
159 332
32 866
121 874
256 328
817 990
173 451
14 175
248 384
574 577
564 942
333 337
752 903
222 586
169 732
584 640
241 505
279 857
431 644
572 607
371 411
683 797
481 652
206 844
166 872
56 465
286 994
22 271
499 850
220 704
508 651
45 322
56 89
787 885
110 788
1 461
292 780
406 525
181 639
479 582
640 855
675 714
229 858
371 583
887 891
345 401
293 938
231 996
515 960
514 987
568 862
349 502
3 968
907 927
64 132
19 317
241 318
491 999
401 752
190 308
14 547
609 956
40 324
396 966
371 501
27 894
163 294
291 917
773 869
130 264
38 565
12 982
530 777
228 557
596 763
30 671
201 781
543 699
159 496
120 545
134 791
256 980
208 755
792 913
42 825
30 52
294 729
164 898
577 789
384 662
866 915
52 206
445 967
637 782
553 904
518 897
142 693
172 230
931 943
581 825
177 838
57 276
169 965
235 398
552 895
303 622
339 717
168 964
41 970
177 368
218 842
571 576
158 772
176 946
61 220
243 770
41 950
407 837
709 916
122 822
316 884
516 844
10 737
185 227
144 356
207 806
203 932
619 979
146 437
459 539
279 523
607 666
474 901
189 709
335 876
117 446
610 887
592 666
709 933
523 648
146 750
579 862
576 799
289 330
519 802
214 379
489 974
73 183
255 545
443 508
669 848
609 791
587 628
584 597
413 854
397 521
282 567
343 472
698 785
166 346
184 314
437 822
317 795
751 913
346 873
613 757
23 704
56 825
36 504
107 964
678 968
526 960
715 888
552 985
215 886
58 207
356 573
415 572
728 744
53 617
177 951
151 183
701 724
117 646
140 474
566 967
313 790
200 780
153 175
343 570
291 971
673 937
619 831
195 439
207 310
92 984
54 239
380 859
215 780
382 594
345 945
68 827
325 625
10 553
774 881
47 876
97 179
757 858
150 245
407 880
12 937
863 967
112 745
385 441
411 693
850 854
105 755
40 650
23 925
292 700
753 864
224 801
49 840
2 451
96 812
556 868
239 324
489 699
538 876
75 511
566 843
317 434
666 879
404 860
406 719
499 854
635 974
508 510
193 968
353 547
106 877
198 947
17 391
112 187
544 604
413 847
207 462
125 868
368 648
430 979
79 332
311 441
26 855
96 504
845 984
699 741
431 991
426 450
339 921
142 148
402 742
412 651
765 959
23 717
365 645
200 865
476 792
205 257
640 756
196 473
58 310
122 589
563 854
280 403
545 680
753 893
526 929
25 413
422 670
23 70
808 855
130 528
405 834
5 947
312 395
392 414
107 813
326 327
1 801
148 864
70 370
283 791
192 421
273 595
853 886
141 592
444 845
322 356
351 711
143 397
50 951
251 297
417 810
750 794
255 434
41 500
178 483
272 993
608 990
165 713
27 803
570 821
170 313
242 314
404 804
110 416
439 934
840 911
9 602
218 416
214 902
532 650
297 976
742 925
200 380
382 833
389 571
867 907
82 919
348 550
483 786
178 895
52 422
324 612
36 331
878 953
23 841
832 920
406 563
345 648
571 693
200 407
681 810
191 264
364 523
142 791
207 478
195 378
769 827
345 891
502 858
56 255
447 875
570 767
260 769
225 261
909 943
138 749
457 646
119 177
405 681
15 26
592 647
268 490
582 769
121 631
502 594
310 444
180 232
341 523
76 658
467 502
95 175
396 518
442 836
83 788
577 936
191 365
496 998
149 322
690 752
22 834
262 953
79 234
226 982
459 591
182 681
606 779
487 993
585 657
122 143
360 964
85 901
139 254
618 702
463 975
15 116
245 332
507 572
231 724
295 455
122 879
41 753
278 575
630 794
0 699
264 994
427 490
125 181
617 628
805 875
278 849
504 860
162 813
47 567
136 581
597 943
477 776
35 45
390 703
192 874
268 899
70 502
525 617
286 788
229 450
56 818
769 900
321 865
455 683
339 917
394 777
178 873
716 847
689 786
534 722
852 938
539 556
59 779
182 571
120 800
495 548
466 850
571 974
531 974
333 346
210 521
286 713
983 990
298 921
250 942
823 919
673 712
410 823
75 113
432 758
452 633
43 49
614 884
244 423
410 536
9 424
84 192
726 842
338 712
153 914
248 262
564 874
142 970
122 273
528 801
7 193
343 802
108 424
533 648
5 393
49 436
537 903
28 543
797 929
11 525
325 854
298 945
515 738
191 196
364 474
709 746
517 846
635 688
586 592
297 878
217 653
189 512
196 820
74 778
720 875
764 816
417 783
152 169
269 591
312 956
132 446
554 911
265 758
742 885
311 896
106 513
862 929
286 807
805 931
936 939
450 701
140 796
147 286
318 547
536 644
89 340
406 924
184 616
182 760
36 861
40 532
115 313
786 858
735 742
309 878
22 855
821 931
314 491
813 987
493 961
68 470
12 115
497 663
16 251
43 990
300 729
54 261
128 415
18 592
248 305
169 648
45 895
176 518
227 261
204 392
232 635
393 443
497 683
653 701
123 916
505 711
278 457
599 968
86 272
237 408
347 487
54 232
12 34
261 314
838 866
71 156
33 744
4 471
571 772
419 822
66 97
138 748
490 742
37 933
229 425
375 603
511 999
296 884
538 902
419 975
573 590
81 872
457 940
133 231
185 377
526 942
858 894
155 541
103 104
144 739
268 858
602 618
364 415
328 841
92 751
85 697
205 459
491 734
166 978
154 795
195 791
70 810
403 873
633 844
290 988
82 153
559 953
251 507
128 311
18 584
451 658
412 583
4 76
296 526
129 872
52 520
324 833
94 169
47 323
45 299
95 274
104 264
279 686
912 917
100 162
236 731
408 783
76 332
51 405
498 502
344 852
249 379
62 63
219 590
12 75
672 913
9 746
303 924
299 340
203 295
439 690
290 566
62 972
460 682
528 882
68 406
580 634
586 605
511 586
591 698
147 263
177 219
971 994
96 270
621 956
132 844
546 871
334 706
504 514
526 643
331 837
207 771
341 583
90 326
372 666
541 928
121 893
743 967
416 871
258 328
385 713
338 755
229 391
520 682
787 882
683 933
169 560
451 966
191 395
93 649
370 488
303 590
287 500
669 931
445 653
292 490
191 880
156 261
798 997
209 777
530 714
650 764
761 765
630 929
233 461
168 946
136 576
431 830
65 104
18 441
232 574
0 683
417 616
76 275
203 713
550 869
2 356
528 848
463 662
429 886
185 299
120 226
464 465
130 346
181 779
119 301
65 530
612 687
132 781
350 743
285 409
247 898
2 473
297 351
6 117
360 767
183 677
307 325
327 850
164 681
876 961
386 700
497 895
582 825
96 999
95 319
250 663
597 716
510 891
325 476
55 718
739 753
384 739
463 612
835 972
204 589
506 830
281 342
278 519
459 482
706 848
188 728
637 930
135 967
655 754
153 983
438 993
346 478
93 620
312 876
151 540
673 964
124 349
463 705
480 996
595 731
311 994
199 235
424 438
51 258
598 834
278 447
116 757
62 832
554 652
478 668
196 555
162 418
593 857
9 138
129 488
810 965
422 824
115 395
137 464
471 618
248 668
646 774
79 745
325 490
242 653
315 824
640 751
690 922
201 672
423 463
523 573
146 860
354 640
138 830
73 532
276 895
29 545
276 283
754 841
217 632
185 524
409 755
477 764
343 660
569 914
187 513
407 660
484 805
729 993
212 644
699 970
509 640
833 861
308 708
361 957
307 952
185 359
472 641
330 718
42 72
96 828
302 465
606 876
419 449
61 883
187 771
57 670
40 158
63 587
55 805
362 732
694 972
770 920
546 776
415 909
697 912
571 925
54 976
353 896
44 168
139 470
701 723
603 745
840 858
353 442
939 982
234 755
87 356
117 868
204 284
30 994
118 589
28 169
67 591
318 927
672 783
582 860
705 792
323 804
135 554
109 914
329 491
16 552
104 823
636 803
59 463
282 924
339 459
262 817
156 613
194 947
136 984
11 293
207 243
32 550
290 560
497 959
358 663
712 806
90 810
335 403
403 699
948 990
538 693
691 975
197 806
190 897
5 289
123 854
729 893
255 410
193 517
129 349
431 744
194 383
59 988
45 908
297 405
257 587
108 243
314 334
86 442
113 871
252 507
2 939
110 846
70 708
313 831
256 426
52 408
63 609
391 818
664 754
149 753
143 842
58 317
137 171
681 879
188 379
747 848
55 863
7 81
31 798
171 940
86 877
83 238
193 389
425 568
463 939
51 737
524 723
462 660
433 549
474 733
504 705
59 868
312 322
133 947
102 492
37 999
315 764
87 532
124 695
750 867
242 497
507 682
128 721
284 545
148 360
189 576
617 808
478 552
162 880
142 189
523 966
642 664
236 490
146 340
75 696
262 629
414 774
301 981
295 821
186 469
523 837
457 703
635 710
214 319
773 808
467 558
189 580
25 975
59 574
165 804
204 353
185 926
298 368
231 567
513 733
280 380
271 368
389 655
143 584
119 673
485 727
753 775
662 685
182 786
151 152
744 921
139 905
0 132
47 282
331 997
158 613
452 463
688 825
484 721
623 708
46 81
64 564
340 781
225 669
633 642
144 941
324 733
135 301
106 230
338 933
607 979
255 829
325 962
641 909
447 989
810 880
309 496
440 747
662 730
170 310
160 430
63 677
85 985
113 215
693 755
56 533
50 658
112 853
320 570
397 738
350 763
43 472
303 526
44 500
4 242
457 576
520 725
97 946
159 519
202 597
314 903
536 719
386 480
124 221
163 268
436 592
278 901
404 663
376 476
694 937
809 839
430 535
395 822
679 863
561 724
478 620
734 972
559 743
58 919
337 545
172 732
159 278
109 657
44 262
748 951
443 878
38 228
183 761
70 921
613 881
333 378
519 543
15 661
317 322
101 647
53 355
48 942
214 578
868 977
393 582
143 899
511 985
251 643
153 765
304 737
199 913
220 866
396 773
110 312
168 882
413 846
198 617
71 701
347 823
162 390
34 249
29 130
60 125
677 742
699 870
99 237
200 754
25 919
8 787
202 878
43 894
579 700
333 423
354 787
898 926
761 840
326 743
77 663
0 408
105 736
566 649
779 826
321 397
747 884
0 999
696 871
96 915
793 935
408 755
263 462
482 955
79 820
644 919
505 793
24 214
631 886
105 539
294 367
49 238
533 996
63 193
424 716
219 942
147 784
104 355
498 535
273 613
180 636
317 488
305 900
461 809
243 729
124 145
68 860
238 372
447 515
319 965
152 842
60 757
344 360
464 703
599 824
499 727
945 993
167 237
63 365
448 938
510 744
500 710
57 227
22 977
187 413
175 475
270 853
90 650
58 778
878 952
758 944
804 820
584 942
262 808
135 648
52 716
167 416
775 895
577 718
494 720
189 955
392 504
193 716
283 559
497 958
167 620
256 808
282 952
637 855
338 624
342 505
305 939
481 745
355 638
212 715
147 496
262 945
307 824
548 886
441 934
326 681
122 804
327 391
259 664
510 948
256 661
238 861
73 253
462 643
164 798
215 612
355 704
154 421
821 883
875 968
232 920
686 862
312 598
206 928
240 817
122 330
499 992
293 717
529 745
352 731
119 313
171 706
184 290
121 544
833 955
449 899
345 799
18 385
666 893
734 881
339 996
206 894
540 906
337 798
343 463
77 412
732 859
286 930
231 648
574 958
602 945
8 412
745 918
587 896
586 922
329 896
409 757
118 860
122 995
515 725
311 312
44 961
191 494
815 930
79 643
45 205
10 560
549 915
55 128
154 452
70 991
368 676
660 708
92 213
71 751
877 945
132 458
452 969
562 899
16 598
25 498
314 767
400 414
282 377
161 535
110 685
100 298
759 866
255 506
153 196
67 522
98 566
426 781
705 750
871 917
226 481
786 923
854 855
68 639
343 374
154 176
401 851
216 779
12 332
23 182
386 836
877 884
412 864
284 934
59 306
59 588
104 509
342 532
250 715
599 911
791 908
829 953
771 847
315 802
74 564
88 962
209 412
686 922
264 945
40 577
517 966
323 333
119 823
88 581
503 873
406 464
62 287
203 678
43 218
25 376
196 622
305 876
101 704
45 614
720 925
592 716
25 776
361 764
530 559
700 983
438 509
59 903
159 689
263 554
154 266
386 908
372 429
351 475
548 693
147 294
26 339
430 648
753 838
464 646
237 484
242 540
255 259
43 597
523 671
809 849
550 629
92 492
201 882
274 925
50 704
387 416
17 787
342 763
128 845
351 362
504 850
858 920
358 722
710 906
292 585
452 797
43 231
98 825
589 777
289 316
51 578
188 327
21 831
659 678
437 874
28 343
174 647
484 801
263 546
364 833
236 726
605 661
7 231
62 87
128 320
319 402
3 619
439 598
12 926
5 506
768 903
297 764
881 908
331 332
396 755
585 989
308 482
71 949
94 486
288 844
625 636
117 243
298 865
340 692
216 836
718 772
390 979
78 837
406 762
661 969
1 188
92 365
553 901
32 141
194 381
361 794
213 435
177 275
179 197
292 853
218 892
315 546
454 885
703 756
405 860
684 861
300 486
429 559
37 344
434 692
274 713
678 924
122 594
626 952
725 780
29 800
31 572
244 350
792 899
22 764
141 714
718 925
544 641
362 506
374 886
14 32
642 714
808 853
754 944
456 665
343 663
43 859
627 996
51 650
423 616
729 889
782 944
55 913
84 427
0 773
56 605
115 821
251 328
257 992
79 214
537 780
105 997
277 354
131 948
193 731
190 836
36 447
700 738
352 833
351 431
456 886
834 888
283 728
65 363
164 645
76 128
48 806
42 660
185 565
474 547
176 419
545 748
501 636
446 871
207 212
99 268
156 332
311 609
432 622
158 473
753 858
54 819
90 253
132 577
657 886
500 933
417 567
499 988
469 786
27 58
296 763
439 446
700 834
135 923
377 431
8 408
555 871
182 271
286 790
671 675
108 893
53 183
306 540
2 439
232 884
270 528
519 899
90 921
166 406
340 516
864 899
103 208
468 566
870 882
482 593
22 677
619 803
262 792
85 540
250 343
428 889
245 711
262 737
550 739
394 890
247 389
147 976
228 796
98 887
631 898
163 317
666 843
23 122
460 830
219 488
375 705
415 864
42 100
160 355
552 821
584 889
110 659
267 706
803 875
235 615
124 339
522 973
25 493
216 401
505 542
56 441
515 899
511 569
631 717
185 485
46 434
429 755
99 766
53 901
263 614
506 974
601 836
4 136
34 726
726 743
592 881
641 883
498 828
224 550
618 682
99 538
316 688
251 937
582 982
299 376
230 420
311 629
218 555
125 635
209 405
416 759
601 659
127 975
506 818
307 621
529 747
397 579
261 639
611 612
833 837
175 674
224 418
843 941
410 760
337 578
190 762
226 977
10 275
18 151
41 228
366 412
61 457
9 655
19 280
100 514
166 917
719 861
427 481
493 933
630 879
11 129
414 826
202 896
355 727
54 696
456 695
292 888
211 298
166 653
252 520
460 736
415 951
150 679
258 664
476 538
336 676
267 510
518 676
460 848
187 434
542 620
229 709
505 744
63 728
1 384
671 873
514 947
737 746
142 322
266 486
433 519
304 593
572 643
293 843
465 760
232 608
127 540
632 874
550 915
29 920
268 377
164 587
42 364
536 652
164 961
451 694
652 932
372 620
183 361
467 748
676 770
243 655
473 641
422 755
4 366
560 912
587 852
239 510
697 698
491 658
370 731
312 550
272 489
613 786
148 882
650 851
233 937
552 559
482 879
454 797
37 152
32 782
306 734
464 736
573 583
378 534
327 331
587 879
184 738
108 789
445 519
192 539
178 488
298 344
139 907
148 692
250 783
85 836
541 689
530 698
203 437
56 948
289 323
313 385
642 948
699 887
16 223
404 969
162 796
86 643
464 636
533 992
690 817
357 587
281 820
149 850
415 503
75 826
379 680
821 958
178 450
171 957
493 939
85 213
974 990
267 982
412 473
639 661
651 668
602 622
990 998
668 917
3 852
388 607
480 931
316 428
237 509
55 83
399 621
103 260
143 935
59 860
0 563
405 842
74 761
172 209
48 448
552 582
208 748
19 434
472 585
6 305
622 917
596 828
94 228
443 865
294 429
251 298
321 790
120 552
387 776
690 738
377 393
444 568
746 918
122 888
630 671
82 273
58 471
55 758
212 523
273 827
475 992
478 778
9 791
406 661
235 999
63 483
167 456
528 879
190 567
631 887
250 447
275 630
488 930
28 94
211 730
116 352
110 427
315 535
61 298
227 736
302 324
716 844
385 546
506 630
173 478
549 966
213 983
307 411
526 726
566 761
352 580
374 961
419 463
22 572
230 312
110 167
97 398
335 798
375 962
105 754
47 167
27 997
366 951
30 951
514 944
694 827
89 214
246 599
92 944
780 925
759 997
11 736
819 968
524 720
2 859
448 961
662 942
331 946
400 994
300 368
876 899
373 653
355 746
494 856
206 767
0 57
86 673
330 396
767 990
36 646
681 969
321 678
304 543
166 509
403 975
637 891
675 774
464 618
138 265
8 291
110 391
9 986
176 478
500 527
35 691
772 928
60 172
115 927
666 857
370 408
241 809
420 819
266 292
546 910
109 307
445 472
98 119
262 797
227 419
824 918
843 962
676 882
496 782
171 459
63 567
864 921
662 790
1 313
462 480
501 912
211 450
98 408
618 936
173 407
582 810
55 403
82 286
448 685
293 340
659 707
515 716
306 515
618 819
359 585
482 724
74 455
834 958
341 833
70 974
481 970
468 708
746 845
829 830
222 487
717 989
549 933
374 605
177 584
270 730
284 851
360 800
87 144
539 939
132 431
372 661
328 601
473 629
179 549
163 224
178 369
169 834
705 921
54 979
96 784
726 747
142 941
142 293
339 644
508 925
300 526
152 894
3 506
393 505
322 369
708 718
41 671
18 349
348 805
348 635
600 952
284 746
69 188
159 280
81 351
139 865
575 976
143 424
624 725
729 919
561 874
292 804
819 956
279 961
465 926
164 564
530 568
317 363
78 903
74 920
798 964
64 417
281 941
331 355
201 937
91 928
281 451
401 983
568 983
77 456
404 406
144 502
82 751
82 662
78 295
47 133
255 678
257 606
919 965
353 434
120 644
114 389
362 407
181 885
208 292
772 794
391 551
470 648
515 919
530 894
148 350
207 299
40 168
561 981
99 598
42 879
11 998
230 518
744 778
481 616
108 732
359 935
185 220
515 851
794 901
536 539
331 566
591 918
109 427
25 191
513 780
209 438
566 874
7 667
4 831
268 743
55 493
504 682
153 615
7 795
14 806
685 812
220 726
240 932
651 734
578 607
4 158
226 617
97 289
656 728
110 691
355 979
587 684
369 726
549 839
847 878
20 702
410 491
400 588
14 949
456 528
41 547
675 775
123 577
222 884
254 837
164 915
451 895
747 789
213 263
366 569
173 296
307 886
21 774
263 679
553 561
60 655
173 909
108 536
188 558
99 822
494 501
558 919
74 914
117 752
256 806
608 616
112 658
273 824
338 990
367 950
535 625
437 728
198 365
562 913
352 909
52 170
257 519
19 424
97 527
93 411
127 778
497 823
501 855
71 637
5 800
226 912
381 834
521 875
126 668
191 227
69 298
181 326
8 920
274 309
282 437
409 634
132 914
25 122
368 381
35 646
509 630
231 953
503 684
143 299
620 980
323 652
54 418
297 884
473 935
583 947
395 718
296 403
283 792
80 460
172 271
20 636
172 701
199 686
210 316
571 850
759 957
266 700
427 536
137 659
327 913
112 841
383 850
498 822
95 249
174 496
111 164
788 968
321 427
169 642
478 730
115 366
646 984
35 490
217 454
361 739
39 912
479 638
212 982
554 624
24 26
171 491
68 646
762 906
250 588
48 897
631 872
77 460
134 427
152 634
41 516
17 396
105 376
687 814
573 581
56 241
86 522
17 908
715 833
216 375
317 842
5 799
242 989
360 689
17 823
436 861
100 179
224 622
181 390
194 325
349 822
122 630
250 444
673 959
9 477
31 592
265 359
507 881
321 914
41 617
43 573
616 724
161 785
396 958
467 539
962 993
161 725
485 667
513 583
701 847
474 757
33 83
332 823
90 529
274 694
311 894
539 635
389 576
405 797
846 905
377 529
657 943
651 780
28 348
3 233
266 355
601 942
362 824
499 649
496 921
87 104
210 331
58 755
394 899
687 735
866 966
57 983
618 985
620 943
203 408
110 575
404 687
242 481
239 425
641 731
163 723
354 591
452 536
445 459
786 917
815 977
772 964
649 761
313 510
134 769
61 214
196 807
475 974
528 529
1 276
434 814
152 784
227 286
434 711
313 650
177 802
890 910
266 288
107 438
141 463
691 693
150 826
555 858
142 451
18 820
60 80
307 448
221 797
181 407
299 579
166 667
528 585
221 618
445 844
4 415
217 529
15 510
53 968
73 169
99 692
846 935
67 772
287 863
143 739
366 760
485 990
51 841
71 734
160 846
791 825
184 570
158 621
313 685
73 688
377 471
66 341
199 430
729 855
141 258
267 320
930 943
284 365
329 721
297 840
199 806
345 986
727 990
143 958
559 568
278 877
103 621
297 882
38 866
843 844
714 778
303 498
56 708
561 865
274 726
373 998
162 254
691 736
680 682
7 201
45 782
386 991
307 695
326 872
281 700
201 310
198 934
232 355
363 797
93 717
754 866
759 983
95 127
119 852
131 354
11 399
275 324
277 773
702 883
358 985
196 731
23 967
380 703
360 840
283 787
32 422
239 270
10 393
218 609
200 571
267 312
455 578
520 536
105 152
99 730
284 969
0 733
728 911
595 756
108 313
42 391
747 861
294 620
626 773
321 441
197 878
437 566
187 464
426 688
356 889
617 842
141 789
252 319
555 556
29 316
203 256
667 716
38 948
10 814
60 197
162 303
121 191
442 455
818 915
474 541
169 924
185 615
143 182
231 869
117 352
478 989
281 390
13 210
335 901
501 759
250 803
81 774
888 937
281 741
129 900
456 541
53 401
114 941
180 550
1 8
294 841
450 723
78 982
765 945
322 480
301 872
687 990
689 753
67 867
585 920
883 943
813 898
491 648
172 545
896 920
223 670
15 884
6 233
131 293
200 423
877 897
431 901
555 738
460 788
276 696
362 555
348 494
438 537
139 155
709 782
375 606
42 419
26 331
302 426
717 944
289 498
122 560
279 851
461 616
227 312
871 991
338 993
334 380
204 694
274 631
524 874
510 677
467 566
203 212
215 298
150 950
164 305
271 880
146 565
617 868
771 933
66 912
346 534
60 409
472 757
442 589
623 844
38 398
203 627
68 686
192 873
352 465
122 393
15 573
195 782
180 619
478 884
826 847
57 58
507 974
92 585
389 731
715 771
93 229
524 739
709 865
526 705
82 407
505 931
565 682
679 751
324 822
188 264
387 605
34 670
407 824
270 594
48 397
224 248
199 877
320 724
147 646
469 704
165 494
417 906
482 541
586 728
770 904
431 580
34 353
15 136
74 324
879 916
530 831
12 347
300 941
330 339
170 302
437 846
16 410
310 402
751 891
54 943
326 735
503 740
245 729
188 894
229 842
214 609
49 150
734 873
616 738
51 163
645 706
240 505
520 542
369 717
977 994
440 690
3 984
861 913
72 482
432 630
202 361
98 605
443 809
243 442
357 617
497 501
338 468
841 901
391 678
711 837
377 740
19 237
131 799
395 726
883 907
132 395
152 575
278 891
96 668
585 913
22 829
474 659
252 635
241 571
470 690
299 343
810 916
52 70
402 590
343 445
408 486
216 973
470 978
382 857
274 336
151 432
407 847
918 948
354 683
44 947
787 965
47 195
415 653
471 761
64 400
496 768
131 265
365 888
451 959
657 842
378 794
327 895
31 485
5 831
89 712
149 877
5 764
310 901
344 405
713 800
550 671
625 907
92 893
507 999
372 414
46 321
703 881
385 669
699 885
344 789
190 916
87 426
355 745
404 446
298 815
11 715
555 972
419 804
450 556
136 780
35 946
127 617
134 866
431 556
180 441
568 921
39 793
157 776
322 849
377 464
223 904
598 657
72 643
202 297
164 971
89 674
552 866
920 984
34 953
387 806
260 413
713 795
438 674
371 405
51 87
730 960
96 194
336 359
577 983
598 667
521 717
760 768
53 533
78 380
606 889
592 901
76 365
57 404
49 206
221 307
253 660
605 685
11 274
39 954
250 872
5 322
325 750
161 943
160 691
496 610
308 901
835 914
283 981
316 518
459 508
110 181
222 493
181 961
309 979
105 110
108 223
421 691
439 487
316 883
258 781
197 651
181 227
74 246
515 593
389 740
727 748
475 599
472 581
207 741
254 551
703 787
108 387
363 806
217 424
645 754
462 991
79 804
276 531
462 712
597 854
842 933
619 938
330 454
319 720
23 730
532 677
338 467
321 757
30 839
218 222
98 944
291 369
118 987
110 563
11 206
215 946
129 598
361 806
152 891
186 511
293 428
627 852
25 753
51 300
503 799
416 431
155 234
199 332
67 191
74 936
200 844
52 496
1 141
75 254
198 717
0 656
57 117
198 885
37 51
306 575
179 384
339 637
114 125
224 626
483 580
472 788
422 698
409 887
630 967
116 361
508 733
62 251
640 876
177 800
121 220
760 930
9 329
215 363
713 957
139 472
470 613
105 299
304 314
563 985
512 793
523 830
409 741
332 401
299 640
72 511
474 891
347 425
338 896
888 991
396 698
148 374
705 843
21 194
26 219
12 129
87 695
365 394
363 456
400 455
390 870
600 814
353 514
40 672
896 916
33 807
209 835
113 650
118 152
62 520
92 948
399 862
95 868
18 350
172 533
737 920
140 189
423 437
71 860
734 847
145 230
141 181
351 683
212 954
233 825
836 953
89 966
89 175
10 685
663 884
271 711
218 446
161 402
34 917
122 685
268 853
531 582
477 971
161 469
323 501
128 783
463 752
431 782
441 815
525 957
391 768
215 487
195 880
13 254
259 643
31 312
648 999
750 950
580 991
79 898
294 695
54 349
827 923
594 816
16 937
940 941
254 539
192 787
629 904
258 948
60 144
364 605
805 977
137 870
145 351
240 245
759 921
89 457
128 695
75 434
293 715
91 660
21 496
354 565
880 952
429 713
